1 1 1 5.9233
2 1 1 8.1974
3 1 1 6.029
4 1 1 6.7987
5 1 1 6.81
6 1 1 8.0384
7 1 1 7.2572
8 1 1 6.3967
9 1 1 5.7781
10 1 1 6.1892
1 2 1 10.26
2 2 1 8.8505
3 2 1 7.7235
4 2 1 6.8792
5 2 1 6.9883
6 2 1 7.9397
7 2 1 8.7022
8 2 1 6.6229
9 2 1 7.7435
10 2 1 9.2149
1 3 1 7.9225
2 3 1 9.2816
3 3 1 5.9078
4 3 1 5.0324
5 3 1 9.1446
6 3 1 5.197
7 3 1 7.0729
8 3 1 5.0841
9 3 1 6.0609
10 3 1 6.8024
1 4 1 7.0279
2 4 1 7.7453
3 4 1 5.3041
4 4 1 7.5306
5 4 1 7.949
6 4 1 6.4013
7 4 1 8.0111
8 4 1 6.6164
9 4 1 6.5288
10 4 1 7.298
1 5 1 5.7996
2 5 1 6.91
3 5 1 6.2428
4 5 1 6.5586
5 5 1 5.4589
6 5 1 5.6864
7 5 1 6.9049
8 5 1 5.2995
9 5 1 6.5793
10 5 1 5.5249
1 6 1 5.9128
2 6 1 7.788
3 6 1 7.3372
4 6 1 12.17
5 6 1 7.9487
6 6 1 5.7884
7 6 1 6.58
8 6 1 8.1887
9 6 1 11.007
10 6 1 6.5318
1 7 1 6.4784
2 7 1 7.5492
3 7 1 5.9054
4 7 1 6.1378
5 7 1 5.7026
6 7 1 6.9704
7 7 1 7.2039
8 7 1 5.249
9 7 1 8.0389
10 7 1 6.2505
1 8 1 7.874
2 8 1 5.3369
3 8 1 5.2371
4 8 1 5.5917
5 8 1 6.0887
6 8 1 6.9308
7 8 1 6.0739
8 8 1 7.1967
9 8 1 6.8216
10 8 1 7.2699
1 9 1 8.7789
2 9 1 7.1387
3 9 1 6.5492
4 9 1 4.824
5 9 1 6.3103
6 9 1 7.0937
7 9 1 7.6215
8 9 1 7.1861
9 9 1 7.7455
10 9 1 5.4764
1 10 1 6.4095
2 10 1 7.5544
3 10 1 9.8769
4 10 1 7.009
5 10 1 6.8755
6 10 1 8.5078
7 10 1 6.5106
8 10 1 7.7832
9 10 1 5.85
10 10 1 5.8102
1 1 2 7.5269
2 1 2 8.639
3 1 2 7.0969
4 1 2 9.0386
5 1 2 8.841
6 1 2 5.4197
7 1 2 5.8534
8 1 2 6.7416
9 1 2 7.4389
10 1 2 6.7828
1 2 2 5.3861
2 2 2 5.3583
3 2 2 7.8374
4 2 2 5.1456
5 2 2 6.285
6 2 2 5.9664
7 2 2 8.3936
8 2 2 7.1693
9 2 2 8.5679
10 2 2 6.5021
1 3 2 6.7732
2 3 2 7.8016
3 3 2 9.6812
4 3 2 6.7506
5 3 2 8.6204
6 3 2 8.576
7 3 2 6.0695
8 3 2 5.8948
9 3 2 7.7581
10 3 2 6.2712
1 4 2 6.1459
2 4 2 8.4258
3 4 2 5.8707
4 4 2 4.9831
5 4 2 7.9108
6 4 2 8.5882
7 4 2 7.2611
8 4 2 10.88
9 4 2 7.2858
10 4 2 6.6938
1 5 2 6.5529
2 5 2 6.1367
3 5 2 5.7909
4 5 2 7.8588
5 5 2 5.7081
6 5 2 6.0999
7 5 2 4.4732
8 5 2 5.5856
9 5 2 6.1093
10 5 2 6.3836
1 6 2 7.7055
2 6 2 7.2513
3 6 2 7.2415
4 6 2 7.1577
5 6 2 5.9381
6 6 2 6.1686
7 6 2 5.6094
8 6 2 6.3424
9 6 2 5.3247
10 6 2 6.9457
1 7 2 7.04
2 7 2 7.8354
3 7 2 13.875
4 7 2 6.8774
5 7 2 8.4747
6 7 2 12.3
7 7 2 7.2286
8 7 2 7.0037
9 7 2 5.9308
10 7 2 7.1019
1 8 2 6.6028
2 8 2 6.4638
3 8 2 6.7865
4 8 2 6.603
5 8 2 7.9949
6 8 2 8.2835
7 8 2 6.98
8 8 2 7.6449
9 8 2 7.5507
10 8 2 4.6413
1 9 2 6.1172
2 9 2 6.7893
3 9 2 6.0524
4 9 2 8.1442
5 9 2 8.3579
6 9 2 8.6045
7 9 2 7.6564
8 9 2 7.3184
9 9 2 7.314
10 9 2 6.8931
1 10 2 5.3694
2 10 2 6.7694
3 10 2 7.0641
4 10 2 7.1521
5 10 2 9.4694
6 10 2 5.3027
7 10 2 6.0473
8 10 2 6.4749
9 10 2 6.8319
10 10 2 6.7896
1 1 3 7.5761
2 1 3 8.2746
3 1 3 6.233
4 1 3 9.4912
5 1 3 6.1554
6 1 3 7.5988
7 1 3 7.8201
8 1 3 7.233
9 1 3 7.6936
10 1 3 8.1309
1 2 3 5.7623
2 2 3 4.839
3 2 3 8.8168
4 2 3 7.077
5 2 3 6.2121
6 2 3 6.8235
7 2 3 8.1304
8 2 3 4.7591
9 2 3 9.9659
10 2 3 7.435
1 3 3 7.1412
2 3 3 4.9434
3 3 3 6.5458
4 3 3 5.6497
5 3 3 6.9732
6 3 3 4.7012
7 3 3 7.2611
8 3 3 10.688
9 3 3 7.3068
10 3 3 12.31
1 4 3 5.4199
2 4 3 9.1585
3 4 3 6.9103
4 4 3 7.3857
5 4 3 8.6476
6 4 3 8.6738
7 4 3 6.4688
8 4 3 6.7959
9 4 3 5.9388
10 4 3 10.186
1 5 3 7.4059
2 5 3 8.9512
3 5 3 8.1808
4 5 3 8.8876
5 5 3 7.5382
6 5 3 6.1055
7 5 3 6.2002
8 5 3 6.1627
9 5 3 7.5255
10 5 3 6.8258
1 6 3 6.231
2 6 3 6.0536
3 6 3 5.5214
4 6 3 9.0215
5 6 3 7.1765
6 6 3 7.7336
7 6 3 5.3627
8 6 3 6.2829
9 6 3 7.6698
10 6 3 5.3547
1 7 3 7.1922
2 7 3 9.3542
3 7 3 7.0402
4 7 3 7.9152
5 7 3 9.0635
6 7 3 7.7979
7 7 3 5.5051
8 7 3 7.8744
9 7 3 6.6115
10 7 3 7.1729
1 8 3 4.8818
2 8 3 6.1506
3 8 3 6.2299
4 8 3 6.528
5 8 3 7.6499
6 8 3 6.6366
7 8 3 8.9768
8 8 3 6.2325
9 8 3 5.586
10 8 3 7.1994
1 9 3 7.0968
2 9 3 7.566
3 9 3 10.084
4 9 3 9.2378
5 9 3 6.5019
6 9 3 6.2221
7 9 3 6.5212
8 9 3 6.1377
9 9 3 6.1412
10 9 3 7.0869
1 10 3 7.0394
2 10 3 8.0893
3 10 3 9.4504
4 10 3 5.7219
5 10 3 9.93
6 10 3 5.4803
7 10 3 6.6244
8 10 3 10.917
9 10 3 7.8975
10 10 3 6.5353
1 1 4 6.4613
2 1 4 7.7464
3 1 4 9.9414
4 1 4 6.3348
5 1 4 5.7039
6 1 4 7.5345
7 1 4 6.017
8 1 4 4.6058
9 1 4 7.254
10 1 4 6.3532
1 2 4 6.483
2 2 4 6.5244
3 2 4 4.9978
4 2 4 6.0939
5 2 4 9.3332
6 2 4 8.7443
7 2 4 8.14
8 2 4 6.5779
9 2 4 5.5519
10 2 4 9.6073
1 3 4 5.5505
2 3 4 7.4948
3 3 4 5.7202
4 3 4 6.2449
5 3 4 6.5953
6 3 4 8.0415
7 3 4 11.153
8 3 4 6.5431
9 3 4 5.6514
10 3 4 8.5256
1 4 4 7.0937
2 4 4 9.8956
3 4 4 7.4906
4 4 4 6.132
5 4 4 7.819
6 4 4 8.5706
7 4 4 5.0947
8 4 4 6.4323
9 4 4 8.0057
10 4 4 6.9467
1 5 4 6.9576
2 5 4 6.8408
3 5 4 4.9491
4 5 4 9.649
5 5 4 8.7812
6 5 4 5.6239
7 5 4 4.849
8 5 4 4.4356
9 5 4 7.4741
10 5 4 8.651
1 6 4 9.3335
2 6 4 5.7699
3 6 4 5.0123
4 6 4 9.475
5 6 4 6.033
6 6 4 6.1457
7 6 4 6.696
8 6 4 7.8238
9 6 4 8.1582
10 6 4 6.1209
1 7 4 11.819
2 7 4 9.036
3 7 4 5.569
4 7 4 5.8978
5 7 4 5.9018
6 7 4 6.3474
7 7 4 6.7985
8 7 4 11.254
9 7 4 7.1351
10 7 4 5.4469
1 8 4 5.2402
2 8 4 8.5396
3 8 4 10.314
4 8 4 7.4425
5 8 4 7.3245
6 8 4 5.5036
7 8 4 7.1965
8 8 4 6.594
9 8 4 6.0445
10 8 4 5.5824
1 9 4 7.0285
2 9 4 5.9949
3 9 4 7.9046
4 9 4 8.2261
5 9 4 6.8581
6 9 4 8.3476
7 9 4 8.2884
8 9 4 6.6861
9 9 4 5.4874
10 9 4 9.2946
1 10 4 8.9674
2 10 4 8.843
3 10 4 5.8633
4 10 4 7.5021
5 10 4 7.9432
6 10 4 7.3026
7 10 4 8.3341
8 10 4 9.1902
9 10 4 5.9315
10 10 4 5.7622
1 1 5 8.0538
2 1 5 7.8202
3 1 5 5.516
4 1 5 6.9437
5 1 5 5.3354
6 1 5 7.0102
7 1 5 6.7061
8 1 5 10.854
9 1 5 7.716
10 1 5 5.8469
1 2 5 6.8692
2 2 5 6.5164
3 2 5 8.974
4 2 5 5.985
5 2 5 6.2751
6 2 5 6.6901
7 2 5 7.2713
8 2 5 8.0251
9 2 5 8.7704
10 2 5 5.8329
1 3 5 7.2114
2 3 5 7.504
3 3 5 6.303
4 3 5 9.698
5 3 5 7.7922
6 3 5 6.2735
7 3 5 5.2854
8 3 5 9.9382
9 3 5 6.1279
10 3 5 7.3721
1 4 5 8.6497
2 4 5 6.8937
3 4 5 8.5066
4 4 5 8.0571
5 4 5 5.943
6 4 5 9.8648
7 4 5 7.6239
8 4 5 7.5129
9 4 5 8.475
10 4 5 6.3533
1 5 5 11.681
2 5 5 6.2121
3 5 5 7.6683
4 5 5 6.5941
5 5 5 6.2876
6 5 5 6.5722
7 5 5 7.2261
8 5 5 9.0221
9 5 5 5.0263
10 5 5 5.8883
1 6 5 6.4446
2 6 5 8.3162
3 6 5 7.3666
4 6 5 6.1229
5 6 5 9.9613
6 6 5 7.5407
7 6 5 8.1766
8 6 5 6.59
9 6 5 8.7308
10 6 5 10.485
1 7 5 5.3867
2 7 5 7.6557
3 7 5 7.7231
4 7 5 8.5143
5 7 5 6.7951
6 7 5 5.3312
7 7 5 9.3033
8 7 5 6.8776
9 7 5 10.513
10 7 5 6.4828
1 8 5 7.0112
2 8 5 6.1534
3 8 5 7.731
4 8 5 7.8637
5 8 5 6.7795
6 8 5 7.2381
7 8 5 11.508
8 8 5 6.9985
9 8 5 5.6978
10 8 5 6.9783
1 9 5 8.4903
2 9 5 7.1394
3 9 5 6.0676
4 9 5 6.3783
5 9 5 7.817
6 9 5 8.5914
7 9 5 6.9569
8 9 5 7.7152
9 9 5 7.0475
10 9 5 8.2211
1 10 5 6.6788
2 10 5 8.5599
3 10 5 7.2396
4 10 5 5.8399
5 10 5 6.327
6 10 5 6.5489
7 10 5 8.4166
8 10 5 7.7451
9 10 5 7.7982
10 10 5 5.9511
1 1 6 7.1309
2 1 6 10.638
3 1 6 7.5911
4 1 6 5.8445
5 1 6 8.1807
6 1 6 7.1877
7 1 6 7.1284
8 1 6 7.3027
9 1 6 7.5651
10 1 6 9.1766
1 2 6 7.26
2 2 6 7.4955
3 2 6 8.3593
4 2 6 7.5751
5 2 6 5.3691
6 2 6 6.3591
7 2 6 8.4136
8 2 6 6.4728
9 2 6 5.9138
10 2 6 7.3944
1 3 6 6.4284
2 3 6 7.3618
3 3 6 9.3258
4 3 6 7.3561
5 3 6 5.8678
6 3 6 8.1979
7 3 6 6.2453
8 3 6 6.1293
9 3 6 5.9763
10 3 6 8.0792
1 4 6 9.3277
2 4 6 10.329
3 4 6 8.269
4 4 6 7.2654
5 4 6 8.6191
6 4 6 7.5599
7 4 6 8.1242
8 4 6 6.7993
9 4 6 10.725
10 4 6 7.5317
1 5 6 9.5508
2 5 6 6.5586
3 5 6 4.9808
4 5 6 5.0223
5 5 6 7.2031
6 5 6 5.9255
7 5 6 7.3553
8 5 6 8.9045
9 5 6 8.3879
10 5 6 7.464
1 6 6 8.6499
2 6 6 9.4482
3 6 6 8.3281
4 6 6 5.7369
5 6 6 12.557
6 6 6 7.4213
7 6 6 7.6186
8 6 6 7.2046
9 6 6 5.7948
10 6 6 5.5838
1 7 6 6.6916
2 7 6 5.2494
3 7 6 7.8049
4 7 6 7.4286
5 7 6 7.2338
6 7 6 8.008
7 7 6 8.4196
8 7 6 9.3789
9 7 6 7.5543
10 7 6 5.8269
1 8 6 6.4018
2 8 6 6.7507
3 8 6 8.6054
4 8 6 6.5497
5 8 6 7.1865
6 8 6 8.1353
7 8 6 7.4218
8 8 6 6.2404
9 8 6 7.3365
10 8 6 8.2287
1 9 6 7.1128
2 9 6 6.4632
3 9 6 8.8086
4 9 6 7.2489
5 9 6 9.8547
6 9 6 5.7449
7 9 6 6.6394
8 9 6 9.4873
9 9 6 9.568
10 9 6 5.4211
1 10 6 5.9252
2 10 6 7.1638
3 10 6 8.3159
4 10 6 6.9651
5 10 6 6.7717
6 10 6 6.8051
7 10 6 6.9174
8 10 6 8.2434
9 10 6 8.1695
10 10 6 6.573
1 1 7 5.9656
2 1 7 5.8979
3 1 7 7.8936
4 1 7 10.197
5 1 7 8.6737
6 1 7 7.6039
7 1 7 8.3818
8 1 7 7.067
9 1 7 10.788
10 1 7 6.2484
1 2 7 5.132
2 2 7 6.5714
3 2 7 7.9534
4 2 7 7.2723
5 2 7 6.533
6 2 7 6.3987
7 2 7 5.59
8 2 7 6.5626
9 2 7 8.2285
10 2 7 7.2281
1 3 7 4.6996
2 3 7 7.8222
3 3 7 7.5464
4 3 7 8.1309
5 3 7 6.1186
6 3 7 8.3915
7 3 7 5.0479
8 3 7 7.4233
9 3 7 6.4085
10 3 7 7.7523
1 4 7 7.5319
2 4 7 7.333
3 4 7 8.9242
4 4 7 6.7171
5 4 7 6.458
6 4 7 7.7593
7 4 7 6.6363
8 4 7 7.7318
9 4 7 7.6953
10 4 7 7.0457
1 5 7 7.2584
2 5 7 8.4715
3 5 7 9.4869
4 5 7 7.7661
5 5 7 6.4232
6 5 7 6.5173
7 5 7 5.5915
8 5 7 5.8279
9 5 7 6.4863
10 5 7 11.676
1 6 7 5.7096
2 6 7 6.3138
3 6 7 7.9006
4 6 7 7.2207
5 6 7 10.482
6 6 7 7.4552
7 6 7 8.5204
8 6 7 5.6649
9 6 7 8.9809
10 6 7 7.697
1 7 7 8.9349
2 7 7 5.3006
3 7 7 6.9598
4 7 7 5.5117
5 7 7 9.2196
6 7 7 8.355
7 7 7 6.2274
8 7 7 5.6462
9 7 7 7.5144
10 7 7 7.0364
1 8 7 6.8074
2 8 7 8.9207
3 8 7 8.1943
4 8 7 6.4829
5 8 7 7.5946
6 8 7 7.3825
7 8 7 8.9022
8 8 7 6.9472
9 8 7 8.3881
10 8 7 5.2425
1 9 7 6.8439
2 9 7 7.0298
3 9 7 7.1602
4 9 7 5.8785
5 9 7 6.2597
6 9 7 6.1704
7 9 7 6.655
8 9 7 7.989
9 9 7 5.9641
10 9 7 7.1114
1 10 7 5.0525
2 10 7 6.9244
3 10 7 5.5287
4 10 7 7.7861
5 10 7 7.0462
6 10 7 6.0868
7 10 7 8.2656
8 10 7 7.4246
9 10 7 7.4797
10 10 7 7.0592
1 1 8 7.0638
2 1 8 5.984
3 1 8 7.2784
4 1 8 7.9089
5 1 8 8.3002
6 1 8 6.9982
7 1 8 6.9057
8 1 8 7.7521
9 1 8 6.1362
10 1 8 8.404
1 2 8 9.6968
2 2 8 7.7871
3 2 8 8.2714
4 2 8 7.5954
5 2 8 7.5581
6 2 8 9.1423
7 2 8 5.7105
8 2 8 5.4144
9 2 8 5.5157
10 2 8 5.9396
1 3 8 8.4094
2 3 8 6.0032
3 3 8 4.5193
4 3 8 8.2677
5 3 8 9.8511
6 3 8 8.2469
7 3 8 6.0918
8 3 8 6.4738
9 3 8 6.3563
10 3 8 6.8775
1 4 8 6.3048
2 4 8 7.1989
3 4 8 7.68
4 4 8 5.9293
5 4 8 7.5163
6 4 8 9.1552
7 4 8 6.9693
8 4 8 7.9774
9 4 8 7.2267
10 4 8 6.8049
1 5 8 6.1586
2 5 8 9.0048
3 5 8 7.9603
4 5 8 7.49
5 5 8 7.0851
6 5 8 7.6415
7 5 8 8.017
8 5 8 10.084
9 5 8 5.7662
10 5 8 7.1573
1 6 8 7.0803
2 6 8 8.7246
3 6 8 12.242
4 6 8 5.9933
5 6 8 7.9246
6 6 8 6.5434
7 6 8 6.7554
8 6 8 6.6349
9 6 8 6.6042
10 6 8 8.3519
1 7 8 6.4026
2 7 8 9.7816
3 7 8 9.2772
4 7 8 7.001
5 7 8 7.2178
6 7 8 6.4555
7 7 8 8.0569
8 7 8 10.3
9 7 8 10.766
10 7 8 7.5503
1 8 8 7.5891
2 8 8 8.9655
3 8 8 6.933
4 8 8 7.0337
5 8 8 7.1124
6 8 8 7.4982
7 8 8 6.4737
8 8 8 7.4377
9 8 8 9.0849
10 8 8 7.6637
1 9 8 7.7579
2 9 8 6.4248
3 9 8 6.8431
4 9 8 8.1644
5 9 8 6.1534
6 9 8 7.2635
7 9 8 6.1948
8 9 8 6.4683
9 9 8 7.5222
10 9 8 7.0346
1 10 8 9.8317
2 10 8 8.3787
3 10 8 8.1711
4 10 8 9.9734
5 10 8 6.5398
6 10 8 6.7726
7 10 8 7.1319
8 10 8 7.9832
9 10 8 6.8025
10 10 8 7.34
1 1 9 17.222
2 1 9 5.944
3 1 9 7.6446
4 1 9 6.94
5 1 9 4.7932
6 1 9 6.0182
7 1 9 9.3796
8 1 9 6.1708
9 1 9 8.3847
10 1 9 5.6189
1 2 9 6.6119
2 2 9 6.7792
3 2 9 5.6602
4 2 9 7.3418
5 2 9 6.2038
6 2 9 9.6267
7 2 9 13.054
8 2 9 7.5924
9 2 9 8.5678
10 2 9 7.8019
1 3 9 9.2476
2 3 9 6.2031
3 3 9 13.923
4 3 9 6.7245
5 3 9 6.7415
6 3 9 6.8457
7 3 9 7.9699
8 3 9 5.3669
9 3 9 6.0933
10 3 9 8.3101
1 4 9 5.7267
2 4 9 5.9393
3 4 9 8.1238
4 4 9 6.8798
5 4 9 5.7674
6 4 9 7.0374
7 4 9 7.7789
8 4 9 10.334
9 4 9 8.077
10 4 9 5.0057
1 5 9 7.4926
2 5 9 7.3954
3 5 9 5.9578
4 5 9 7.4353
5 5 9 6.6938
6 5 9 6.7095
7 5 9 6.3757
8 5 9 5.3278
9 5 9 5.5136
10 5 9 12.396
1 6 9 5.9056
2 6 9 5.177
3 6 9 9.5589
4 6 9 6.8896
5 6 9 5.5734
6 6 9 6.6124
7 6 9 8.3157
8 6 9 6.2817
9 6 9 12.238
10 6 9 9.7064
1 7 9 7.907
2 7 9 8.0544
3 7 9 7.2534
4 7 9 6.5179
5 7 9 7.7233
6 7 9 9.0943
7 7 9 5.5749
8 7 9 7.8606
9 7 9 7.4924
10 7 9 6.4086
1 8 9 6.9038
2 8 9 7.0141
3 8 9 6.6509
4 8 9 5.9823
5 8 9 8.3733
6 8 9 9.4789
7 8 9 5.1981
8 8 9 9.4247
9 8 9 7.6204
10 8 9 6.1313
1 9 9 6.3924
2 9 9 9.2256
3 9 9 4.5286
4 9 9 7.962
5 9 9 7.6124
6 9 9 7.657
7 9 9 8.6744
8 9 9 11.693
9 9 9 5.5553
10 9 9 6.6219
1 10 9 5.7309
2 10 9 10.02
3 10 9 7.6679
4 10 9 8.596
5 10 9 5.5659
6 10 9 6.69
7 10 9 9.7232
8 10 9 8.3435
9 10 9 7.2798
10 10 9 7.0593
1 1 10 4.9644
2 1 10 6.8867
3 1 10 5.1486
4 1 10 6.7021
5 1 10 10.792
6 1 10 6.6632
7 1 10 6.1419
8 1 10 5.7132
9 1 10 6.2481
10 1 10 8.4164
1 2 10 7.1621
2 2 10 11.001
3 2 10 10.653
4 2 10 7.0681
5 2 10 5.1283
6 2 10 7.1686
7 2 10 7.5762
8 2 10 4.7924
9 2 10 7.6593
10 2 10 5.2853
1 3 10 7.2918
2 3 10 6.7298
3 3 10 5.0925
4 3 10 6.2088
5 3 10 5.826
6 3 10 7.5191
7 3 10 8.0901
8 3 10 6.5801
9 3 10 7.0907
10 3 10 6.9917
1 4 10 6.7578
2 4 10 5.9236
3 4 10 7.8226
4 4 10 7.2608
5 4 10 9.2265
6 4 10 8.0838
7 4 10 8.8265
8 4 10 5.4391
9 4 10 7.8621
10 4 10 5.9149
1 5 10 11.453
2 5 10 10.061
3 5 10 7.0878
4 5 10 9.5269
5 5 10 6.5232
6 5 10 7.8959
7 5 10 6.1483
8 5 10 5.9853
9 5 10 6.3952
10 5 10 6.4081
1 6 10 6.7595
2 6 10 5.9187
3 6 10 7.9621
4 6 10 9.5794
5 6 10 6.4901
6 6 10 7.6129
7 6 10 5.9357
8 6 10 5.593
9 6 10 7.4822
10 6 10 5.2739
1 7 10 7.3465
2 7 10 7.14
3 7 10 7.646
4 7 10 7.114
5 7 10 7.3779
6 7 10 6.8456
7 7 10 6.417
8 7 10 12.307
9 7 10 7.1519
10 7 10 8.1274
1 8 10 6.6633
2 8 10 5.7891
3 8 10 7.6832
4 8 10 6.8524
5 8 10 9.4067
6 8 10 7.4795
7 8 10 6.9538
8 8 10 7.1462
9 8 10 10.138
10 8 10 8.6621
1 9 10 6.4678
2 9 10 4.7263
3 9 10 7.7491
4 9 10 5.6776
5 9 10 7.5587
6 9 10 5.9634
7 9 10 6.3945
8 9 10 6.5305
9 9 10 8.9995
10 9 10 9.9523
1 10 10 6.5995
2 10 10 7.4046
3 10 10 5.2667
4 10 10 6.4429
5 10 10 7.5227
6 10 10 5.6218
7 10 10 6.5291
8 10 10 8.2138
9 10 10 8.7659
10 10 10 5.062
