1 1 1 2.2301
2 1 1 1.9901
3 1 1 1.9096
4 1 1 1.9734
5 1 1 1.937
6 1 1 1.9575
7 1 1 2.5301
8 1 1 2.2448
9 1 1 2.5278
10 1 1 1.885
1 2 1 1.8366
2 2 1 1.5835
3 2 1 1.8946
4 2 1 2.4391
5 2 1 1.5882
6 2 1 1.5633
7 2 1 1.0121
8 2 1 1.3232
9 2 1 1.8864
10 2 1 1.8001
1 3 1 2.3837
2 3 1 2.0574
3 3 1 1.7536
4 3 1 1.4983
5 3 1 2.3928
6 3 1 2.2525
7 3 1 2.0488
8 3 1 1.7324
9 3 1 2.0525
10 3 1 2.3487
1 4 1 1.5391
2 4 1 1.4372
3 4 1 2.1495
4 4 1 2.4335
5 4 1 1.7923
6 4 1 2.3451
7 4 1 1.8061
8 4 1 1.9022
9 4 1 1.9945
10 4 1 1.8924
1 5 1 2.16
2 5 1 2.2746
3 5 1 2.5314
4 5 1 2.2336
5 5 1 1.9452
6 5 1 2.1638
7 5 1 2.256
8 5 1 2.5756
9 5 1 2.618
10 5 1 1.4269
1 6 1 2.6676
2 6 1 1.8337
3 6 1 2.2878
4 6 1 1.5615
5 6 1 2.8053
6 6 1 1.8055
7 6 1 2.1518
8 6 1 1.7861
9 6 1 1.7531
10 6 1 2.2766
1 7 1 1.6469
2 7 1 1.9969
3 7 1 2.8721
4 7 1 2.1247
5 7 1 1.6957
6 7 1 2.0103
7 7 1 1.5872
8 7 1 2.3311
9 7 1 2.6194
10 7 1 1.8877
1 8 1 1.5438
2 8 1 1.9958
3 8 1 1.3199
4 8 1 2.8515
5 8 1 1.8771
6 8 1 2.5637
7 8 1 2.1025
8 8 1 2.0205
9 8 1 2.5732
10 8 1 2.0334
1 9 1 2.8017
2 9 1 2.4978
3 9 1 2.1414
4 9 1 1.9393
5 9 1 1.58
6 9 1 1.3564
7 9 1 2.1814
8 9 1 2.114
9 9 1 1.7868
10 9 1 2.2879
1 10 1 1.7864
2 10 1 2.114
3 10 1 2.4411
4 10 1 2.068
5 10 1 1.8114
6 10 1 2.3371
7 10 1 1.7481
8 10 1 2.6221
9 10 1 1.4077
10 10 1 2.1951
1 1 2 1.9821
2 1 2 2.1241
3 1 2 1.5177
4 1 2 1.4682
5 1 2 2.1961
6 1 2 1.3939
7 1 2 1.5776
8 1 2 2.2242
9 1 2 2.413
10 1 2 1.4617
1 2 2 2.579
2 2 2 2.3932
3 2 2 1.7056
4 2 2 1.8248
5 2 2 1.7428
6 2 2 1.9308
7 2 2 1.7428
8 2 2 1.578
9 2 2 2.4725
10 2 2 1.8294
1 3 2 2.3459
2 3 2 2.0417
3 3 2 1.8054
4 3 2 1.9735
5 3 2 1.5933
6 3 2 1.8166
7 3 2 2.0396
8 3 2 1.6786
9 3 2 2.1615
10 3 2 1.8265
1 4 2 1.6306
2 4 2 1.7956
3 4 2 1.9107
4 4 2 1.9142
5 4 2 2.0241
6 4 2 1.9602
7 4 2 1.9561
8 4 2 1.9592
9 4 2 1.4406
10 4 2 1.7274
1 5 2 1.7509
2 5 2 2.0265
3 5 2 1.9215
4 5 2 2.0539
5 5 2 2.0419
6 5 2 2.0483
7 5 2 2.4657
8 5 2 2.8796
9 5 2 2.0085
10 5 2 1.6698
1 6 2 1.8957
2 6 2 1.623
3 6 2 1.8506
4 6 2 1.8226
5 6 2 1.9576
6 6 2 2.119
7 6 2 1.8974
8 6 2 2.1106
9 6 2 2.1216
10 6 2 1.5793
1 7 2 2.6001
2 7 2 2.0008
3 7 2 1.7864
4 7 2 2.0243
5 7 2 2.2075
6 7 2 1.5573
7 7 2 2.7284
8 7 2 1.6747
9 7 2 1.8217
10 7 2 1.6695
1 8 2 1.8476
2 8 2 1.9878
3 8 2 1.9438
4 8 2 1.6883
5 8 2 1.7461
6 8 2 1.7546
7 8 2 1.6608
8 8 2 2.2225
9 8 2 2.4874
10 8 2 1.8363
1 9 2 1.6926
2 9 2 2.4588
3 9 2 2.0003
4 9 2 1.7073
5 9 2 2.2863
6 9 2 2.1051
7 9 2 1.9829
8 9 2 1.8944
9 9 2 2.0718
10 9 2 2.1357
1 10 2 1.8031
2 10 2 1.5985
3 10 2 1.6107
4 10 2 2.0577
5 10 2 1.7795
6 10 2 2.3858
7 10 2 2.4809
8 10 2 1.4804
9 10 2 1.7995
10 10 2 1.7512
1 1 3 2.5871
2 1 3 1.7876
3 1 3 1.7727
4 1 3 2.0752
5 1 3 1.6564
6 1 3 1.6274
7 1 3 1.446
8 1 3 2.5287
9 1 3 1.6739
10 1 3 2.2191
1 2 3 1.099
2 2 3 2.658
3 2 3 1.833
4 2 3 2.2356
5 2 3 1.5422
6 2 3 1.6274
7 2 3 1.8648
8 2 3 2.0021
9 2 3 2.1221
10 2 3 2.2113
1 3 3 2.2528
2 3 3 1.709
3 3 3 2.0716
4 3 3 1.904
5 3 3 1.7712
6 3 3 2.1609
7 3 3 2.2147
8 3 3 1.4869
9 3 3 1.6318
10 3 3 2.1333
1 4 3 2.0847
2 4 3 1.3222
3 4 3 1.8653
4 4 3 2.5821
5 4 3 1.6447
6 4 3 1.56
7 4 3 2.5152
8 4 3 1.7994
9 4 3 2.1368
10 4 3 2.5628
1 5 3 1.7812
2 5 3 1.5421
3 5 3 2.4681
4 5 3 1.8161
5 5 3 1.6769
6 5 3 1.8802
7 5 3 1.9136
8 5 3 2.3654
9 5 3 2.141
10 5 3 1.7957
1 6 3 2.1141
2 6 3 1.809
3 6 3 2.4565
4 6 3 1.8969
5 6 3 1.7718
6 6 3 2.0679
7 6 3 1.6523
8 6 3 2.1123
9 6 3 2.257
10 6 3 2.8771
1 7 3 2.2847
2 7 3 1.9431
3 7 3 2.6406
4 7 3 1.8217
5 7 3 1.9026
6 7 3 1.6398
7 7 3 1.8255
8 7 3 1.6162
9 7 3 2.2227
10 7 3 2.0753
1 8 3 2.645
2 8 3 2.7801
3 8 3 1.7808
4 8 3 1.6536
5 8 3 1.8035
6 8 3 2.2849
7 8 3 1.7434
8 8 3 2.0729
9 8 3 2.8426
10 8 3 1.7356
1 9 3 2.417
2 9 3 2.0083
3 9 3 1.7591
4 9 3 2.2429
5 9 3 2.095
6 9 3 1.7567
7 9 3 1.705
8 9 3 1.8437
9 9 3 2.0324
10 9 3 2.2596
1 10 3 2.4399
2 10 3 1.7042
3 10 3 2.0365
4 10 3 1.9725
5 10 3 2.7027
6 10 3 1.3481
7 10 3 2.0293
8 10 3 1.796
9 10 3 2.4083
10 10 3 2.598
1 1 4 1.7814
2 1 4 2.6287
3 1 4 2.3534
4 1 4 1.7823
5 1 4 1.8055
6 1 4 2.6286
7 1 4 1.6609
8 1 4 2.3317
9 1 4 1.464
10 1 4 2.3208
1 2 4 1.9489
2 2 4 2.4338
3 2 4 2.017
4 2 4 1.57
5 2 4 2.0078
6 2 4 2.2891
7 2 4 2.7447
8 2 4 1.5431
9 2 4 2.4525
10 2 4 1.8317
1 3 4 2.197
2 3 4 2.2216
3 3 4 1.7353
4 3 4 1.8133
5 3 4 1.4798
6 3 4 1.7123
7 3 4 2.2874
8 3 4 1.9155
9 3 4 1.927
10 3 4 1.8932
1 4 4 2.2228
2 4 4 1.6089
3 4 4 2.3487
4 4 4 1.9003
5 4 4 2.2527
6 4 4 2.1767
7 4 4 2.0914
8 4 4 1.9328
9 4 4 2.3661
10 4 4 2.1155
1 5 4 2.043
2 5 4 1.5254
3 5 4 1.7244
4 5 4 2.0623
5 5 4 1.9158
6 5 4 1.8385
7 5 4 2.0693
8 5 4 2.576
9 5 4 1.5674
10 5 4 1.8894
1 6 4 2.0019
2 6 4 2.5017
3 6 4 1.6982
4 6 4 2.0381
5 6 4 1.9614
6 6 4 1.2368
7 6 4 1.8814
8 6 4 2.387
9 6 4 2.085
10 6 4 2.1423
1 7 4 1.73
2 7 4 2.0648
3 7 4 1.837
4 7 4 1.9079
5 7 4 2.0682
6 7 4 1.9692
7 7 4 1.8287
8 7 4 2.2619
9 7 4 2.0273
10 7 4 1.7762
1 8 4 2.0984
2 8 4 2.2696
3 8 4 1.7649
4 8 4 1.3149
5 8 4 1.8684
6 8 4 2.1974
7 8 4 1.7457
8 8 4 2.0688
9 8 4 1.8359
10 8 4 1.8602
1 9 4 2.1611
2 9 4 1.9745
3 9 4 1.7638
4 9 4 2.0594
5 9 4 2.2279
6 9 4 2.4488
7 9 4 1.9877
8 9 4 2.1143
9 9 4 1.5834
10 9 4 2.1514
1 10 4 1.7765
2 10 4 1.7941
3 10 4 2.036
4 10 4 2.0514
5 10 4 1.7444
6 10 4 1.8642
7 10 4 2.3497
8 10 4 2.1701
9 10 4 2.1096
10 10 4 1.8982
1 1 5 2.1079
2 1 5 1.8103
3 1 5 1.455
4 1 5 1.7899
5 1 5 1.5134
6 1 5 1.8931
7 1 5 2.3292
8 1 5 1.8905
9 1 5 2.4692
10 1 5 1.9388
1 2 5 1.8819
2 2 5 2.0027
3 2 5 1.7055
4 2 5 1.6849
5 2 5 2.6079
6 2 5 1.7949
7 2 5 1.6998
8 2 5 1.7043
9 2 5 1.9186
10 2 5 2.5033
1 3 5 2.0508
2 3 5 2.0134
3 3 5 2.0866
4 3 5 1.99
5 3 5 1.8456
6 3 5 2.766
7 3 5 1.7412
8 3 5 1.8428
9 3 5 1.9549
10 3 5 2.1074
1 4 5 2.0815
2 4 5 2.0435
3 4 5 1.8257
4 4 5 2.3412
5 4 5 2.3974
6 4 5 2.6713
7 4 5 1.7811
8 4 5 1.8271
9 4 5 1.6403
10 4 5 1.9419
1 5 5 2.517
2 5 5 2.1003
3 5 5 2.0487
4 5 5 2.167
5 5 5 1.9908
6 5 5 2.1963
7 5 5 1.9781
8 5 5 1.5165
9 5 5 2.2213
10 5 5 1.9503
1 6 5 1.9428
2 6 5 1.4802
3 6 5 2.2957
4 6 5 2.4295
5 6 5 2.0037
6 6 5 1.9827
7 6 5 2.0077
8 6 5 1.9371
9 6 5 1.6719
10 6 5 1.8274
1 7 5 2.1311
2 7 5 1.6957
3 7 5 2.0515
4 7 5 2.5404
5 7 5 2.044
6 7 5 1.4792
7 7 5 2.1678
8 7 5 2.5994
9 7 5 1.8796
10 7 5 1.9334
1 8 5 2.1454
2 8 5 2.0853
3 8 5 1.63
4 8 5 2.8226
5 8 5 1.9113
6 8 5 2.3409
7 8 5 1.8838
8 8 5 2.8011
9 8 5 2.3472
10 8 5 1.6137
1 9 5 2.6278
2 9 5 1.686
3 9 5 1.9856
4 9 5 1.767
5 9 5 1.9879
6 9 5 1.6655
7 9 5 2.4988
8 9 5 2.4587
9 9 5 2.296
10 9 5 1.7449
1 10 5 1.4758
2 10 5 2.1622
3 10 5 1.7544
4 10 5 1.8949
5 10 5 2.3493
6 10 5 1.4435
7 10 5 1.7653
8 10 5 1.8288
9 10 5 2.5028
10 10 5 1.7943
1 1 6 2.0674
2 1 6 2.1799
3 1 6 1.4486
4 1 6 1.7061
5 1 6 1.7411
6 1 6 2.1952
7 1 6 2.2144
8 1 6 1.5624
9 1 6 1.678
10 1 6 2.0957
1 2 6 2.3118
2 2 6 1.7907
3 2 6 1.9029
4 2 6 2.4971
5 2 6 2.0457
6 2 6 1.9515
7 2 6 1.5077
8 2 6 2.1874
9 2 6 1.9537
10 2 6 1.7498
1 3 6 1.9335
2 3 6 1.5219
3 3 6 1.7153
4 3 6 1.5372
5 3 6 2.3559
6 3 6 1.6501
7 3 6 2.186
8 3 6 2.0147
9 3 6 2.4202
10 3 6 1.2928
1 4 6 2.0927
2 4 6 2.5811
3 4 6 1.9055
4 4 6 1.753
5 4 6 1.6659
6 4 6 2.1948
7 4 6 2.4804
8 4 6 1.9312
9 4 6 2.498
10 4 6 2.3587
1 5 6 1.645
2 5 6 1.6585
3 5 6 2.0241
4 5 6 1.9736
5 5 6 1.8769
6 5 6 2.0192
7 5 6 2.7111
8 5 6 2.3474
9 5 6 1.6645
10 5 6 1.9705
1 6 6 2.2897
2 6 6 2.1379
3 6 6 1.7753
4 6 6 1.8979
5 6 6 1.9653
6 6 6 1.9074
7 6 6 1.4864
8 6 6 1.88
9 6 6 1.8229
10 6 6 2.1799
1 7 6 1.5291
2 7 6 1.6846
3 7 6 2.1206
4 7 6 2.3892
5 7 6 1.6791
6 7 6 2.008
7 7 6 2.0675
8 7 6 1.7493
9 7 6 1.821
10 7 6 2.2207
1 8 6 1.4882
2 8 6 2.2274
3 8 6 1.4474
4 8 6 1.816
5 8 6 1.8587
6 8 6 2.2564
7 8 6 2.1949
8 8 6 2.1224
9 8 6 2.1243
10 8 6 1.6075
1 9 6 1.8226
2 9 6 1.9848
3 9 6 1.6429
4 9 6 2.2511
5 9 6 2.3802
6 9 6 1.3297
7 9 6 1.4826
8 9 6 2.4281
9 9 6 2.009
10 9 6 1.6539
1 10 6 2.4145
2 10 6 2.2566
3 10 6 1.6086
4 10 6 1.7264
5 10 6 1.9459
6 10 6 2.4106
7 10 6 2.4512
8 10 6 1.814
9 10 6 2.9755
10 10 6 2.0518
1 1 7 3.0093
2 1 7 1.592
3 1 7 2.1178
4 1 7 2.8524
5 1 7 2.6004
6 1 7 2.4759
7 1 7 1.9682
8 1 7 2.3475
9 1 7 2.1311
10 1 7 2.5551
1 2 7 1.7317
2 2 7 1.8121
3 2 7 1.4309
4 2 7 2.2454
5 2 7 2.0899
6 2 7 1.9866
7 2 7 1.5817
8 2 7 1.9309
9 2 7 2.1258
10 2 7 2.0337
1 3 7 1.4848
2 3 7 2.0371
3 3 7 2.0043
4 3 7 1.9969
5 3 7 1.5502
6 3 7 1.8809
7 3 7 1.8928
8 3 7 1.7878
9 3 7 1.468
10 3 7 2.1964
1 4 7 1.1921
2 4 7 2.2211
3 4 7 2.5515
4 4 7 1.2398
5 4 7 1.4061
6 4 7 1.4663
7 4 7 2.1469
8 4 7 2.3428
9 4 7 1.4722
10 4 7 1.934
1 5 7 2.3343
2 5 7 1.7429
3 5 7 1.9459
4 5 7 2.4469
5 5 7 1.7759
6 5 7 2.372
7 5 7 2.4114
8 5 7 1.9236
9 5 7 2.3079
10 5 7 2.3241
1 6 7 1.7317
2 6 7 1.6311
3 6 7 2.483
4 6 7 1.6262
5 6 7 1.756
6 6 7 2.1614
7 6 7 1.9436
8 6 7 2.3648
9 6 7 1.8518
10 6 7 2.2136
1 7 7 2.3912
2 7 7 2.2849
3 7 7 2.1073
4 7 7 2.1628
5 7 7 2.2742
6 7 7 1.6612
7 7 7 2.5101
8 7 7 2.0153
9 7 7 1.6697
10 7 7 1.9559
1 8 7 2.0889
2 8 7 1.92
3 8 7 2.0072
4 8 7 1.753
5 8 7 2.0324
6 8 7 2.009
7 8 7 1.8682
8 8 7 2.2982
9 8 7 2.244
10 8 7 1.718
1 9 7 2.1731
2 9 7 2.2954
3 9 7 2.0068
4 9 7 1.7025
5 9 7 1.8576
6 9 7 2.2122
7 9 7 2.381
8 9 7 1.8374
9 9 7 2.0468
10 9 7 1.9455
1 10 7 2.5877
2 10 7 2.3321
3 10 7 2.0776
4 10 7 1.9116
5 10 7 1.718
6 10 7 2.0592
7 10 7 1.9246
8 10 7 1.4033
9 10 7 1.8421
10 10 7 2.3217
1 1 8 1.9718
2 1 8 1.4189
3 1 8 2.3785
4 1 8 1.9463
5 1 8 2.0779
6 1 8 1.8246
7 1 8 2.3147
8 1 8 1.5933
9 1 8 1.3263
10 1 8 1.7911
1 2 8 1.9332
2 2 8 1.9713
3 2 8 2.3035
4 2 8 2.0775
5 2 8 1.902
6 2 8 2.1029
7 2 8 2.0975
8 2 8 2.8753
9 2 8 1.9124
10 2 8 1.7236
1 3 8 1.5749
2 3 8 1.915
3 3 8 1.5604
4 3 8 1.8472
5 3 8 1.9934
6 3 8 1.9893
7 3 8 1.6756
8 3 8 2.0354
9 3 8 1.9561
10 3 8 2.0888
1 4 8 1.9181
2 4 8 1.9759
3 4 8 2.1945
4 4 8 2.2235
5 4 8 1.7101
6 4 8 1.6711
7 4 8 2.3635
8 4 8 2.018
9 4 8 2.3428
10 4 8 1.7672
1 5 8 1.91
2 5 8 2.4114
3 5 8 1.9376
4 5 8 1.9172
5 5 8 2.5712
6 5 8 2.5447
7 5 8 2.0926
8 5 8 2.6549
9 5 8 1.96
10 5 8 1.8783
1 6 8 1.5971
2 6 8 2.2215
3 6 8 2.3497
4 6 8 1.7747
5 6 8 1.9914
6 6 8 1.556
7 6 8 2.0925
8 6 8 1.8853
9 6 8 1.6085
10 6 8 2.0225
1 7 8 2.731
2 7 8 1.7031
3 7 8 2.3306
4 7 8 1.8279
5 7 8 1.7836
6 7 8 1.7311
7 7 8 1.7812
8 7 8 1.7795
9 7 8 1.9612
10 7 8 1.9452
1 8 8 1.6632
2 8 8 2.8162
3 8 8 1.851
4 8 8 1.908
5 8 8 2.1611
6 8 8 2.0275
7 8 8 1.6865
8 8 8 1.9689
9 8 8 2.0221
10 8 8 2.1201
1 9 8 2.5153
2 9 8 2.8698
3 9 8 1.754
4 9 8 1.6823
5 9 8 1.9784
6 9 8 1.8779
7 9 8 1.9354
8 9 8 2.198
9 9 8 1.4094
10 9 8 2.0035
1 10 8 2.0401
2 10 8 1.832
3 10 8 1.9352
4 10 8 2.1253
5 10 8 2.4799
6 10 8 1.7292
7 10 8 2.3713
8 10 8 2.0327
9 10 8 2.0909
10 10 8 2.256
1 1 9 2.3036
2 1 9 2.0469
3 1 9 2.0604
4 1 9 1.537
5 1 9 1.9509
6 1 9 1.8842
7 1 9 1.1532
8 1 9 1.8083
9 1 9 2.2912
10 1 9 2.0586
1 2 9 1.8462
2 2 9 1.9885
3 2 9 1.6566
4 2 9 1.4456
5 2 9 2.9386
6 2 9 2.0297
7 2 9 1.6421
8 2 9 1.435
9 2 9 1.7417
10 2 9 1.9303
1 3 9 2.8504
2 3 9 2.0423
3 3 9 2.3926
4 3 9 2.5103
5 3 9 1.9884
6 3 9 1.3974
7 3 9 2.1474
8 3 9 1.804
9 3 9 2.3171
10 3 9 2.0974
1 4 9 2.0351
2 4 9 2.0695
3 4 9 1.8838
4 4 9 1.668
5 4 9 2.1065
6 4 9 2.335
7 4 9 1.9895
8 4 9 1.6992
9 4 9 1.509
10 4 9 2.0947
1 5 9 2.1088
2 5 9 2.1941
3 5 9 1.6721
4 5 9 2.0283
5 5 9 1.4804
6 5 9 2.238
7 5 9 2.1625
8 5 9 2.2287
9 5 9 1.9011
10 5 9 2.7698
1 6 9 2.2787
2 6 9 1.7029
3 6 9 2.5687
4 6 9 1.4514
5 6 9 2.8177
6 6 9 2.2244
7 6 9 2.2462
8 6 9 2.3629
9 6 9 1.7931
10 6 9 1.5378
1 7 9 2.087
2 7 9 2.112
3 7 9 2.1037
4 7 9 3.1129
5 7 9 1.5829
6 7 9 1.6055
7 7 9 1.8102
8 7 9 1.6083
9 7 9 2.2217
10 7 9 2.3875
1 8 9 1.8716
2 8 9 1.8123
3 8 9 2.3252
4 8 9 2.0584
5 8 9 2.7155
6 8 9 1.4769
7 8 9 1.639
8 8 9 1.7376
9 8 9 2.014
10 8 9 1.6389
1 9 9 1.9351
2 9 9 1.5701
3 9 9 2.3093
4 9 9 1.5906
5 9 9 1.5994
6 9 9 2.1059
7 9 9 2.1303
8 9 9 2.2921
9 9 9 1.8034
10 9 9 1.6538
1 10 9 1.759
2 10 9 1.6596
3 10 9 1.8976
4 10 9 1.7122
5 10 9 2.4488
6 10 9 1.9111
7 10 9 2.6533
8 10 9 2.0672
9 10 9 2.0082
10 10 9 2.0452
1 1 10 2.1613
2 1 10 1.5554
3 1 10 1.517
4 1 10 1.8763
5 1 10 1.7803
6 1 10 2.1652
7 1 10 2.403
8 1 10 1.7588
9 1 10 2.626
10 1 10 1.9065
1 2 10 1.6575
2 2 10 1.6187
3 2 10 2.4883
4 2 10 1.9985
5 2 10 2.3036
6 2 10 2.4451
7 2 10 2.2877
8 2 10 1.9006
9 2 10 2.3663
10 2 10 1.8157
1 3 10 1.8215
2 3 10 1.5806
3 3 10 1.6514
4 3 10 1.8982
5 3 10 2.4369
6 3 10 2.3486
7 3 10 1.8749
8 3 10 1.8487
9 3 10 2.0755
10 3 10 1.7388
1 4 10 2.0021
2 4 10 1.9234
3 4 10 1.9966
4 4 10 1.7967
5 4 10 1.7002
6 4 10 1.7643
7 4 10 2.1565
8 4 10 1.9166
9 4 10 1.5464
10 4 10 2.2725
1 5 10 2.0342
2 5 10 2.5525
3 5 10 2.6609
4 5 10 1.3705
5 5 10 2.3141
6 5 10 2.2113
7 5 10 2.2335
8 5 10 1.9761
9 5 10 1.8823
10 5 10 1.8549
1 6 10 1.6817
2 6 10 2.107
3 6 10 1.7832
4 6 10 1.4142
5 6 10 1.5235
6 6 10 2.118
7 6 10 2.6795
8 6 10 2.0577
9 6 10 1.8099
10 6 10 1.706
1 7 10 1.9857
2 7 10 1.9669
3 7 10 2.0633
4 7 10 1.7789
5 7 10 1.5298
6 7 10 2.1506
7 7 10 2.0871
8 7 10 1.9735
9 7 10 1.2761
10 7 10 1.9938
1 8 10 1.6536
2 8 10 2.126
3 8 10 1.584
4 8 10 1.793
5 8 10 1.8531
6 8 10 2.3832
7 8 10 1.9665
8 8 10 2.4995
9 8 10 1.6083
10 8 10 2.5883
1 9 10 2.341
2 9 10 1.8601
3 9 10 1.707
4 9 10 2.3117
5 9 10 1.63
6 9 10 2.2368
7 9 10 1.8186
8 9 10 2.3131
9 9 10 2.0095
10 9 10 1.5637
1 10 10 2.4743
2 10 10 2.2207
3 10 10 1.5785
4 10 10 1.9001
5 10 10 2.3618
6 10 10 1.5851
7 10 10 1.7362
8 10 10 2.3173
9 10 10 2.0689
10 10 10 1.785
