1 1 1 0.9252
2 1 1 0.90684
3 1 1 1.0136
4 1 1 0.98334
5 1 1 1.0705
6 1 1 0.93876
7 1 1 0.78907
8 1 1 0.96058
9 1 1 0.73553
10 1 1 1.2248
1 2 1 1.0835
2 2 1 1.2298
3 2 1 0.99694
4 2 1 0.77817
5 2 1 1.0403
6 2 1 1.3294
7 2 1 1.8086
8 2 1 1.5248
9 2 1 0.97096
10 2 1 1.0876
1 3 1 0.89019
2 3 1 0.96827
3 3 1 1.1222
4 3 1 1.3064
5 3 1 0.91589
6 3 1 0.90774
7 3 1 1.0172
8 3 1 1.1958
9 3 1 0.90204
10 3 1 0.81201
1 4 1 1.2366
2 4 1 1.2222
3 4 1 0.88276
4 4 1 0.79128
5 4 1 0.97845
6 4 1 0.8724
7 4 1 1.0867
8 4 1 1.076
9 4 1 1.0502
10 4 1 0.93631
1 5 1 0.94747
2 5 1 0.86835
3 5 1 0.76106
4 5 1 0.85956
5 5 1 0.96813
6 5 1 1.0426
7 5 1 0.87776
8 5 1 0.78707
9 5 1 0.7578
10 5 1 1.3783
1 6 1 0.75389
2 6 1 1.0199
3 6 1 0.98121
4 6 1 1.2389
5 6 1 0.68696
6 6 1 1.0427
7 6 1 0.84531
8 6 1 1.0364
9 6 1 1.101
10 6 1 0.8007
1 7 1 1.0668
2 7 1 0.96285
3 7 1 0.69638
4 7 1 0.98417
5 7 1 1.1952
6 7 1 0.88309
7 7 1 1.2219
8 7 1 0.79821
9 7 1 0.74533
10 7 1 1.0303
1 8 1 1.2417
2 8 1 0.98501
3 8 1 1.5424
4 8 1 0.79742
5 8 1 1.1454
6 8 1 0.68985
7 8 1 0.95212
8 8 1 0.85769
9 8 1 0.78393
10 8 1 1.0051
1 9 1 0.75937
2 9 1 0.78568
3 9 1 0.956
4 9 1 1.0266
5 9 1 1.1806
6 9 1 1.2889
7 9 1 0.92292
8 9 1 1.0207
9 9 1 1.1462
10 9 1 0.87311
1 10 1 1.0117
2 10 1 0.87187
3 10 1 0.88333
4 10 1 0.92266
5 10 1 0.97414
6 10 1 0.83446
7 10 1 1.3125
8 10 1 0.7019
9 10 1 1.4449
10 10 1 0.83426
1 1 2 0.98588
2 1 2 0.84829
3 1 2 1.3221
4 1 2 1.2534
5 1 2 0.87706
6 1 2 1.4036
7 1 2 1.3587
8 1 2 0.80314
9 1 2 0.80022
10 1 2 1.2957
1 2 2 0.72192
2 2 2 0.75023
3 2 2 1.0948
4 2 2 0.98772
5 2 2 0.99902
6 2 2 0.90497
7 2 2 1.2817
8 2 2 1.4037
9 2 2 0.89632
10 2 2 1.1097
1 3 2 0.94453
2 3 2 0.87084
3 3 2 1.1336
4 3 2 1.0765
5 3 2 1.2222
6 3 2 1.0997
7 3 2 1.0125
8 3 2 1.2426
9 3 2 1.0144
10 3 2 1.0169
1 4 2 1.1879
2 4 2 1.0306
3 4 2 1.0274
4 4 2 1.211
5 4 2 0.89938
6 4 2 0.87151
7 4 2 1.0733
8 4 2 0.88247
9 4 2 1.5084
10 4 2 1.1457
1 5 2 1.0112
2 5 2 0.89272
3 5 2 1.0349
4 5 2 1.1059
5 5 2 0.9522
6 5 2 0.98192
7 5 2 0.78969
8 5 2 0.65189
9 5 2 1.0248
10 5 2 1.1432
1 6 2 1.0646
2 6 2 1.1956
3 6 2 1.0851
4 6 2 1.0575
5 6 2 1.1393
6 6 2 1.0042
7 6 2 1.0285
8 6 2 0.89159
9 6 2 0.83837
10 6 2 1.2463
1 7 2 0.78932
2 7 2 0.99307
3 7 2 1.0179
4 7 2 0.89409
5 7 2 1.0919
6 7 2 1.3036
7 7 2 0.68239
8 7 2 1.2474
9 7 2 1.1966
10 7 2 1.2024
1 8 2 1.0266
2 8 2 0.90729
3 8 2 1.0101
4 8 2 1.2379
5 8 2 1.0303
6 8 2 1.1124
7 8 2 1.2087
8 8 2 0.96969
9 8 2 0.77698
10 8 2 0.99762
1 9 2 1.0863
2 9 2 0.73831
3 9 2 0.96157
4 9 2 1.0905
5 9 2 0.94417
6 9 2 0.86502
7 9 2 1.063
8 9 2 0.99941
9 9 2 0.86306
10 9 2 0.81664
1 10 2 1.1218
2 10 2 1.1723
3 10 2 1.1695
4 10 2 0.85239
5 10 2 1.1962
6 10 2 0.7447
7 10 2 0.79479
8 10 2 1.4477
9 10 2 1.1271
10 10 2 1.0244
1 1 3 0.79467
2 1 3 1.0596
3 1 3 1.062
4 1 3 0.97666
5 1 3 1.0511
6 1 3 1.363
7 1 3 1.4716
8 1 3 0.75579
9 1 3 1.1054
10 1 3 0.95396
1 2 3 1.808
2 2 3 0.75564
3 2 3 1.2434
4 2 3 0.84421
5 2 3 1.2734
6 2 3 1.3232
7 2 3 1.101
8 2 3 0.82955
9 2 3 0.95359
10 2 3 0.87664
1 3 3 1.0106
2 3 3 1.3144
3 3 3 0.96521
4 3 3 0.98826
5 3 3 1.1259
6 3 3 0.97267
7 3 3 0.87772
8 3 3 1.2538
9 3 3 1.2027
10 3 3 0.79019
1 4 3 0.96162
2 4 3 1.4626
3 4 3 1.0068
4 4 3 0.87707
5 4 3 1.1232
6 4 3 1.3623
7 4 3 0.75471
8 4 3 1.1513
9 4 3 0.9529
10 4 3 0.75796
1 5 3 1.0658
2 5 3 1.28
3 5 3 0.83444
4 5 3 0.94436
5 5 3 1.0297
6 5 3 0.94686
7 5 3 0.96282
8 5 3 0.92018
9 5 3 0.92587
10 5 3 1.2858
1 6 3 0.96537
2 6 3 1.0862
3 6 3 0.89665
4 6 3 1.1282
5 6 3 1.1328
6 6 3 0.90353
7 6 3 1.2951
8 6 3 0.93323
9 6 3 0.88112
10 6 3 0.73411
1 7 3 0.81199
2 7 3 0.91184
3 7 3 0.65329
4 7 3 1.0119
5 7 3 1.0541
6 7 3 1.1453
7 7 3 1.0707
8 7 3 1.1988
9 7 3 0.96394
10 7 3 0.93609
1 8 3 0.71029
2 8 3 0.66495
3 8 3 1.2288
4 8 3 1.1852
5 8 3 1.205
6 8 3 0.82797
7 8 3 1.1535
8 8 3 0.82258
9 8 3 0.79971
10 8 3 1.1541
1 9 3 0.79642
2 9 3 0.96509
3 9 3 1.0959
4 9 3 0.93662
5 9 3 0.89615
6 9 3 1.0527
7 9 3 1.08
8 9 3 0.98976
9 9 3 1.0588
10 9 3 0.77818
1 10 3 0.73356
2 10 3 1.2371
3 10 3 0.98341
4 10 3 0.99491
5 10 3 0.71609
6 10 3 1.5134
7 10 3 0.87774
8 10 3 1.0194
9 10 3 0.73236
10 10 3 0.87094
1 1 4 0.97037
2 1 4 0.7756
3 1 4 0.88157
4 1 4 1.1323
5 1 4 1.0972
6 1 4 0.87535
7 1 4 1.1285
8 1 4 0.89863
9 1 4 1.247
10 1 4 0.80052
1 2 4 1.0303
2 2 4 0.83114
3 2 4 1.1123
4 2 4 1.1042
5 2 4 0.94239
6 2 4 0.86556
7 2 4 0.71577
8 2 4 1.2902
9 2 4 0.86817
10 2 4 1.1939
1 3 4 0.86426
2 3 4 0.87508
3 3 4 1.209
4 3 4 1.1481
5 3 4 1.2682
6 3 4 1.1962
7 3 4 0.8161
8 3 4 1.1144
9 3 4 0.94462
10 3 4 1.1684
1 4 4 0.86855
2 4 4 1.1482
3 4 4 0.83106
4 4 4 1.1316
5 4 4 0.85454
6 4 4 0.85783
7 4 4 0.74645
8 4 4 1.0488
9 4 4 0.86877
10 4 4 0.92835
1 5 4 0.94482
2 5 4 1.3206
3 5 4 1.1979
4 5 4 0.93134
5 5 4 0.96922
6 5 4 1.073
7 5 4 0.9529
8 5 4 0.88171
9 5 4 1.319
10 5 4 1.025
1 6 4 1.0913
2 6 4 0.79037
3 6 4 1.0606
4 6 4 0.94203
5 6 4 1.0985
6 6 4 1.5727
7 6 4 1.09
8 6 4 0.9117
9 6 4 0.95837
10 6 4 0.89723
1 7 4 1.2347
2 7 4 0.99668
3 7 4 1.0851
4 7 4 0.98129
5 7 4 0.93092
6 7 4 0.90344
7 7 4 1.0933
8 7 4 0.93062
9 7 4 1.1058
10 7 4 1.2361
1 8 4 1.0325
2 8 4 0.87364
3 8 4 1.1793
4 8 4 1.5494
5 8 4 1.0559
6 8 4 0.88802
7 8 4 1.1986
8 8 4 0.92915
9 8 4 1.0854
10 8 4 1.0418
1 9 4 1.0121
2 9 4 0.88686
3 9 4 1.1253
4 9 4 0.98743
5 9 4 0.8843
6 9 4 0.69125
7 9 4 0.93144
8 9 4 0.80911
9 9 4 1.3547
10 9 4 0.92761
1 10 4 1.1532
2 10 4 1.1835
3 10 4 0.89362
4 10 4 0.95717
5 10 4 1.1219
6 10 4 1.096
7 10 4 0.81593
8 10 4 1.0017
9 10 4 1.0035
10 10 4 1.0327
1 1 5 0.91001
2 1 5 1.138
3 1 5 1.3891
4 1 5 0.98633
5 1 5 1.4625
6 1 5 0.9721
7 1 5 0.9346
8 1 5 1.0157
9 1 5 0.74188
10 1 5 1.1023
1 2 5 1.0644
2 2 5 1.0774
3 2 5 1.1923
4 2 5 1.1598
5 2 5 0.69404
6 2 5 1.1495
7 2 5 1.1196
8 2 5 1.1952
9 2 5 1.0362
10 2 5 0.8076
1 3 5 1.012
2 3 5 1.0502
3 3 5 0.99369
4 3 5 1.119
5 3 5 1.044
6 3 5 0.67989
7 3 5 1.0407
8 3 5 0.98291
9 3 5 0.87431
10 3 5 1.0169
1 4 5 0.96015
2 4 5 0.93145
3 4 5 1.0884
4 4 5 0.93868
5 4 5 0.85271
6 4 5 0.75969
7 4 5 1.1102
8 4 5 0.98842
9 4 5 1.2293
10 4 5 0.95213
1 5 5 0.80201
2 5 5 0.92835
3 5 5 1.0224
4 5 5 0.87715
5 5 5 1.0559
6 5 5 0.89363
7 5 5 0.96757
8 5 5 1.2093
9 5 5 0.967
10 5 5 1.031
1 6 5 1.0695
2 6 5 1.3935
3 6 5 0.85604
4 6 5 0.90379
5 6 5 1.0125
6 6 5 1.0067
7 6 5 0.86676
8 6 5 1.0974
9 6 5 1.1812
10 6 5 1.1942
1 7 5 1.0659
2 7 5 1.0858
3 7 5 0.9553
4 7 5 0.77105
5 7 5 0.90279
6 7 5 1.4387
7 7 5 1.0417
8 7 5 0.7191
9 7 5 0.91202
10 7 5 0.92141
1 8 5 0.83648
2 8 5 0.85834
3 8 5 1.2728
4 8 5 0.67494
5 8 5 1.0962
6 8 5 0.78672
7 8 5 1.0146
8 8 5 0.64466
9 8 5 0.82661
10 8 5 1.3201
1 9 5 0.80816
2 9 5 1.1853
3 9 5 0.98088
4 9 5 1.1494
5 9 5 0.99241
6 9 5 1.2643
7 9 5 0.7139
8 9 5 0.88653
9 9 5 0.87139
10 9 5 1.1873
1 10 5 1.3734
2 10 5 0.89558
3 10 5 1.1446
4 10 5 1.083
5 10 5 0.89959
6 10 5 1.539
7 10 5 1.1332
8 10 5 0.99723
9 10 5 0.76858
10 10 5 1.1534
1 1 6 0.97491
2 1 6 0.98607
3 1 6 1.353
4 1 6 1.1653
5 1 6 1.0653
6 1 6 0.7925
7 1 6 0.91073
8 1 6 1.1959
9 1 6 1.222
10 1 6 0.91542
1 2 6 0.80831
2 2 6 0.91882
3 2 6 1.0311
4 2 6 0.79697
5 2 6 0.93838
6 2 6 1.069
7 2 6 1.448
8 2 6 0.9133
9 2 6 1.071
10 2 6 1.0504
1 3 6 1.0699
2 3 6 1.2452
3 3 6 1.2143
4 3 6 1.3722
5 3 6 0.85302
6 3 6 1.0697
7 3 6 0.97908
8 3 6 1.0542
9 3 6 0.85244
10 3 6 1.4
1 4 6 0.95128
2 4 6 0.74514
3 4 6 1.1075
4 4 6 1.22
5 4 6 1.0945
6 4 6 0.84915
7 4 6 0.7118
8 4 6 1.1308
9 4 6 0.75572
10 4 6 0.8044
1 5 6 1.1249
2 5 6 1.2439
3 5 6 0.94243
4 5 6 1.0813
5 5 6 1.0022
6 5 6 0.98088
7 5 6 0.76158
8 5 6 0.85327
9 5 6 1.2647
10 5 6 0.99411
1 6 6 0.91028
2 6 6 0.94264
3 6 6 1.1505
4 6 6 1.0625
5 6 6 1.0937
6 6 6 1.0467
7 6 6 1.2458
8 6 6 1.004
9 6 6 0.9688
10 6 6 0.91841
1 7 6 1.2809
2 7 6 1.0462
3 7 6 0.8764
4 7 6 0.79244
5 7 6 1.165
6 7 6 1.0071
7 7 6 0.97469
8 7 6 1.1243
9 7 6 0.9424
10 7 6 0.93656
1 8 6 1.2737
2 8 6 0.92716
3 8 6 1.4763
4 8 6 1.0552
5 8 6 1.1017
6 8 6 0.917
7 8 6 0.84997
8 8 6 0.96228
9 8 6 0.88447
10 8 6 1.2756
1 9 6 1.1059
2 9 6 1.0208
3 9 6 1.0879
4 9 6 0.92687
5 9 6 0.96755
6 9 6 1.5641
7 9 6 1.361
8 9 6 0.8233
9 9 6 1.0433
10 9 6 1.1867
1 10 6 0.93086
2 10 6 0.94528
3 10 6 1.1577
4 10 6 1.3315
5 10 6 0.92618
6 10 6 0.83251
7 10 6 0.85101
8 10 6 1.1064
9 10 6 0.6249
10 10 6 0.88965
1 1 7 0.73262
2 1 7 1.4548
3 1 7 0.90244
4 1 7 0.65995
5 1 7 0.94622
6 1 7 0.91178
7 1 7 0.94816
8 1 7 0.84162
9 1 7 0.91331
10 1 7 0.90517
1 2 7 1.0832
2 2 7 1.0107
3 2 7 1.5485
4 2 7 0.89102
5 2 7 1.0635
6 2 7 0.89156
7 2 7 1.2196
8 2 7 0.98756
9 2 7 0.76925
10 2 7 1.0861
1 3 7 1.2741
2 3 7 0.98844
3 3 7 1.1619
4 3 7 0.95507
5 3 7 1.4248
6 3 7 1.1196
7 3 7 1.0767
8 3 7 1.1484
9 3 7 1.2912
10 3 7 0.80202
1 4 7 1.5216
2 4 7 0.96206
3 4 7 0.75243
4 4 7 1.7193
5 4 7 1.4274
6 4 7 1.4142
7 4 7 0.92634
8 4 7 0.79479
9 4 7 1.1074
10 4 7 1.0214
1 5 7 0.78286
2 5 7 1.2452
3 5 7 1.0728
4 5 7 0.80041
5 5 7 1.2112
6 5 7 0.86335
7 5 7 0.7878
8 5 7 0.97689
9 5 7 0.78686
10 5 7 0.89625
1 6 7 1.0942
2 6 7 1.1603
3 6 7 0.76287
4 6 7 1.163
5 6 7 1.0965
6 6 7 0.84112
7 6 7 1.1255
8 6 7 0.81255
9 6 7 1.1336
10 6 7 0.95773
1 7 7 0.73846
2 7 7 0.87074
3 7 7 0.99717
4 7 7 0.84394
5 7 7 0.80366
6 7 7 1.1075
7 7 7 0.80211
8 7 7 1.0052
9 7 7 1.1068
10 7 7 0.94017
1 8 7 0.9864
2 8 7 1.0176
3 8 7 1.058
4 8 7 1.2942
5 8 7 0.9004
6 8 7 0.94088
7 8 7 0.97443
8 8 7 0.87737
9 8 7 0.9258
10 8 7 1.2011
1 9 7 0.95901
2 9 7 0.87075
3 9 7 0.91743
4 9 7 1.1353
5 9 7 1.1336
6 9 7 0.93195
7 9 7 0.86923
8 9 7 1.118
9 9 7 0.89439
10 9 7 0.96411
1 10 7 0.73233
2 10 7 0.83442
3 10 7 0.9881
4 10 7 1.1008
5 10 7 1.1575
6 10 7 1.0638
7 10 7 0.98427
8 10 7 1.4015
9 10 7 0.87931
10 10 7 0.72459
1 1 8 1.0593
2 1 8 1.4876
3 1 8 0.83922
4 1 8 1.0946
5 1 8 0.89988
6 1 8 1.1157
7 1 8 0.74718
8 1 8 1.5022
9 1 8 1.456
10 1 8 1.2348
1 2 8 1.0307
2 2 8 0.98286
3 2 8 0.75842
4 2 8 0.99189
5 2 8 1.054
6 2 8 0.94595
7 2 8 0.89041
8 2 8 0.62387
9 2 8 1.0276
10 2 8 1.1852
1 3 8 1.3852
2 3 8 0.98971
3 3 8 1.3191
4 3 8 1.0313
5 3 8 0.98277
6 3 8 0.98308
7 3 8 1.1404
8 3 8 0.98579
9 3 8 0.9897
10 3 8 0.8705
1 4 8 1.013
2 4 8 1.0492
3 4 8 1.0936
4 4 8 0.84038
5 4 8 1.122
6 4 8 1.2844
7 4 8 0.86953
8 4 8 1.0426
9 4 8 0.82253
10 4 8 1.095
1 5 8 1.0592
2 5 8 0.7555
3 5 8 1.0449
4 5 8 1.1537
5 5 8 0.80033
6 5 8 0.85057
7 5 8 0.92984
8 5 8 0.69528
9 5 8 1.0861
10 5 8 1.0129
1 6 8 1.335
2 6 8 0.79919
3 6 8 0.88683
4 6 8 1.1281
5 6 8 0.96755
6 6 8 1.152
7 6 8 0.93085
8 6 8 1.1397
9 6 8 1.1834
10 6 8 0.92888
1 7 8 0.80043
2 7 8 1.2754
3 7 8 0.8788
4 7 8 1.2001
5 7 8 1.1337
6 7 8 1.11
7 7 8 1.2016
8 7 8 1.1171
9 7 8 1.0482
10 7 8 1.0594
1 8 8 1.1704
2 8 8 0.81483
3 8 8 1.0351
4 8 8 0.94938
5 8 8 0.91806
6 8 8 0.98827
7 8 8 1.2992
8 8 8 0.88379
9 8 8 0.96122
10 8 8 0.9567
1 9 8 0.67489
2 9 8 0.66491
3 9 8 1.1696
4 9 8 0.97139
5 9 8 1.0674
6 9 8 0.97751
7 9 8 1.1075
8 9 8 0.91734
9 9 8 1.3292
10 9 8 1.0226
1 10 8 0.94426
2 10 8 1.0216
3 10 8 0.90968
4 10 8 0.91793
5 10 8 0.78489
6 10 8 1.0248
7 10 8 0.7855
8 10 8 0.98611
9 10 8 0.98352
10 10 8 0.79805
1 1 9 0.90494
2 1 9 1.068
3 1 9 0.94391
4 1 9 1.1582
5 1 9 0.89205
6 1 9 1.0592
7 1 9 1.8425
8 1 9 0.99959
9 1 9 0.85869
10 1 9 1.0076
1 2 9 1.0785
2 2 9 0.9957
3 2 9 1.2183
4 2 9 1.2295
5 2 9 0.6419
6 2 9 1.0025
7 2 9 1.1633
8 2 9 1.3389
9 2 9 1.2629
10 2 9 1.0245
1 3 9 0.69545
2 3 9 0.9388
3 3 9 0.87157
4 3 9 0.70843
5 3 9 0.8822
6 3 9 1.5189
7 3 9 1.0508
8 3 9 1.0257
9 3 9 0.84261
10 3 9 0.88694
1 4 9 1.0157
2 4 9 0.94673
3 4 9 1.057
4 4 9 1.0422
5 4 9 0.93073
6 4 9 0.91817
7 4 9 0.94104
8 4 9 1.1316
9 4 9 1.2377
10 4 9 0.943
1 5 9 0.90777
2 5 9 0.82997
3 5 9 1.2568
4 5 9 1.0414
5 5 9 1.3522
6 5 9 0.85457
7 5 9 0.869
8 5 9 0.81278
9 5 9 0.99363
10 5 9 0.67581
1 6 9 0.93062
2 6 9 1.1774
3 6 9 0.75554
4 6 9 1.3918
5 6 9 0.76067
6 6 9 0.79785
7 6 9 1.0045
8 6 9 0.79505
9 6 9 1.2679
10 6 9 1.2914
1 7 9 0.98222
2 7 9 0.97825
3 7 9 0.91174
4 7 9 0.62696
5 7 9 1.2351
6 7 9 1.3455
7 7 9 1.0335
8 7 9 1.1786
9 7 9 0.91678
10 7 9 0.81292
1 8 9 1.0471
2 8 9 1.1407
3 8 9 0.90297
4 8 9 1.0731
5 8 9 0.69803
6 8 9 1.5061
7 8 9 1.1277
8 8 9 1.1528
9 8 9 0.94771
10 8 9 1.2566
1 9 9 1.1462
2 9 9 1.2101
3 9 9 0.86759
4 9 9 1.3729
5 9 9 1.2104
6 9 9 0.90044
7 9 9 0.93513
8 9 9 0.7838
9 9 9 0.96037
10 9 9 1.2638
1 10 9 1.2827
2 10 9 1.1964
3 10 9 1.0788
4 10 9 1.1065
5 10 9 0.73491
6 10 9 0.9618
7 10 9 0.70973
8 10 9 1.0124
9 10 9 0.94079
10 10 9 1.0839
1 1 10 0.86776
2 1 10 1.1911
3 1 10 1.2199
4 1 10 1.1622
5 1 10 1.0983
6 1 10 0.88617
7 1 10 0.79773
8 1 10 1.12
9 1 10 0.74117
10 1 10 1.1053
1 2 10 1.0895
2 2 10 1.3356
3 2 10 0.76564
4 2 10 0.94851
5 2 10 0.90665
6 2 10 0.77606
7 2 10 0.91308
8 2 10 1.0545
9 2 10 0.8415
10 2 10 1.2479
1 3 10 1.1859
2 3 10 1.398
3 3 10 1.2139
4 3 10 1.0558
5 3 10 0.78311
6 3 10 0.85412
7 3 10 1.1112
8 3 10 1.02
9 3 10 1.0363
10 3 10 1.142
1 4 10 0.97429
2 4 10 1.0765
3 4 10 1.0654
4 4 10 0.97319
5 4 10 1.1309
6 4 10 1.2211
7 4 10 0.91301
8 4 10 1.049
9 4 10 1.3448
10 4 10 0.88008
1 5 10 1.0772
2 5 10 0.80185
3 5 10 0.68321
4 5 10 1.3856
5 5 10 0.83488
6 5 10 0.93371
7 5 10 0.91191
8 5 10 1.0134
9 5 10 1.2014
10 5 10 1.0097
1 6 10 1.2098
2 6 10 0.88879
3 6 10 1.0071
4 6 10 1.5105
5 6 10 1.2324
6 6 10 0.95628
7 6 10 0.70143
8 6 10 0.98286
9 6 10 1.2445
10 6 10 1.1337
1 7 10 1.1363
2 7 10 0.87245
3 7 10 0.90716
4 7 10 1.1376
5 7 10 1.2173
6 7 10 0.93452
7 7 10 0.92332
8 7 10 0.99435
9 7 10 1.58
10 7 10 0.92525
1 8 10 1.288
2 8 10 0.93783
3 8 10 1.1769
4 8 10 1.1199
5 8 10 1.108
6 8 10 0.79345
7 8 10 1.0138
8 8 10 0.9248
9 8 10 1.2613
10 8 10 0.77677
1 9 10 0.85943
2 9 10 1.1171
3 9 10 1.0694
4 9 10 0.95493
5 9 10 1.3127
6 9 10 0.90934
7 9 10 1.2141
8 9 10 0.80256
9 9 10 0.87649
10 9 10 1.2581
1 10 10 0.83788
2 10 10 0.85633
3 10 10 1.3794
4 10 10 0.93347
5 10 10 0.97635
6 10 10 1.2102
7 10 10 1.079
8 10 10 0.9795
9 10 10 0.79482
10 10 10 1.0009
