1 1 1 0.0157
2 1 1 0.0011619
3 1 1 0.013515
4 1 1 0.0067109
5 1 1 0.0093662
6 1 1 0.0016188
7 1 1 0.0028195
8 1 1 0.012516
9 1 1 0.0090605
10 1 1 0.022867
1 2 1 0.00049607
2 2 1 0.0021602
3 2 1 0.0028181
4 2 1 0.0033597
5 2 1 0.0039948
6 2 1 0.0058937
7 2 1 0.0046153
8 2 1 0.015314
9 2 1 0.0023311
10 2 1 0.0011407
1 3 1 0.0025673
2 3 1 0.00075496
3 3 1 0.017516
4 3 1 0.035919
5 3 1 0.0010038
6 3 1 0.028176
7 3 1 0.0070272
8 3 1 0.03756
9 3 1 0.0097143
10 3 1 0.0041426
1 4 1 0.0079055
2 4 1 0.003663
3 4 1 0.02039
4 4 1 0.0018509
5 4 1 0.0017134
6 4 1 0.0090769
7 4 1 0.0031037
8 4 1 0.010615
9 4 1 0.011724
10 4 1 0.0028669
1 5 1 0.017577
2 5 1 0.0049323
3 5 1 0.0066445
4 5 1 0.0061727
5 5 1 0.01927
6 5 1 0.027345
7 5 1 0.005124
8 5 1 0.021747
9 5 1 0.0050983
10 5 1 0.026893
1 6 1 0.010725
2 6 1 0.0027391
3 6 1 0.0066401
4 6 1 0.00017734
5 6 1 0.00067812
6 6 1 0.015874
7 6 1 0.0048738
8 6 1 0.0019551
9 6 1 0.00025459
10 6 1 0.0045337
1 7 1 0.0077123
2 7 1 0.0031879
3 7 1 0.0091444
4 7 1 0.014706
5 7 1 0.023147
6 7 1 0.0033935
7 7 1 0.0071536
8 7 1 0.018013
9 7 1 0.00090054
10 7 1 0.011644
1 8 1 0.0043604
2 8 1 0.024267
3 8 1 0.035921
4 8 1 0.023747
5 8 1 0.019466
6 8 1 0.0016647
7 8 1 0.013116
8 8 1 0.0022988
9 8 1 0.004552
10 8 1 0.0054742
1 9 1 0.00061507
2 9 1 0.0029598
3 9 1 0.009324
4 9 1 0.038872
5 9 1 0.011988
6 9 1 0.0065147
7 9 1 0.0031178
8 9 1 0.0071625
9 9 1 0.0049128
10 9 1 0.019865
1 10 1 0.0080648
2 10 1 0.0020819
3 10 1 0.00040065
4 10 1 0.0046048
5 10 1 0.0046152
6 10 1 0.0008362
7 10 1 0.019266
8 10 1 0.00074191
9 10 1 0.024076
10 10 1 0.010482
1 1 2 0.0036367
2 1 2 0.0005711
3 1 2 0.0094923
4 1 2 0.0016768
5 1 2 0.00068901
6 1 2 0.028755
7 1 2 0.025839
8 1 2 0.0034116
9 1 2 0.0021374
10 1 2 0.009971
1 2 2 0.013521
2 2 2 0.013192
3 2 2 0.0031333
4 2 2 0.023005
5 2 2 0.0079232
6 2 2 0.0090059
7 2 2 0.0049182
8 2 2 0.012417
9 2 2 0.0016766
10 2 2 0.011861
1 3 2 0.0096124
2 3 2 0.0014236
3 3 2 0.0010398
4 3 2 0.010605
5 3 2 0.0025252
6 3 2 0.0021331
7 3 2 0.015567
8 3 2 0.022269
9 3 2 0.0046286
10 3 2 0.009883
1 4 2 0.014978
2 4 2 0.0015616
3 4 2 0.016263
4 4 2 0.050831
5 4 2 0.0015438
6 4 2 0.00055103
7 4 2 0.006803
8 4 2 5.6693e-05
9 4 2 0.011961
10 4 2 0.010005
1 5 2 0.0067108
2 5 2 0.0082854
3 5 2 0.018096
4 5 2 0.0057195
5 5 2 0.016606
6 5 2 0.013563
7 5 2 0.042962
8 5 2 0.0092061
9 5 2 0.015162
10 5 2 0.011516
1 6 2 0.0041405
2 6 2 0.0066627
3 6 2 0.0061894
4 6 2 0.0055893
5 6 2 0.023654
6 6 2 0.015446
7 6 2 0.019845
8 6 2 0.0076695
9 6 2 0.015645
10 6 2 0.00925
1 7 2 0.0039319
2 7 2 0.0029791
3 7 2 9.9305e-06
4 7 2 0.0040836
5 7 2 0.0041856
6 7 2 0.00024062
7 7 2 0.0013752
8 7 2 0.010352
9 7 2 0.023378
10 7 2 0.0082293
1 8 2 0.0080389
2 8 2 0.0062053
3 8 2 0.007385
4 8 2 0.013611
5 8 2 0.0020793
6 8 2 0.0025929
7 8 2 0.0090748
8 8 2 0.0043474
9 8 2 0.0017307
10 8 2 0.036737
1 9 2 0.012038
2 9 2 0.0027073
3 9 2 0.012095
4 9 2 0.002385
5 9 2 0.0021643
6 9 2 0.00066798
7 9 2 0.0049133
8 9 2 0.0040847
9 9 2 0.0023139
10 9 2 0.0027979
1 10 2 0.028053
2 10 2 0.0084697
3 10 2 0.0068253
4 10 2 0.0024625
5 10 2 0.0016516
6 10 2 0.013391
7 10 2 0.0096082
8 10 2 0.018286
9 10 2 0.0093792
10 10 2 0.0058159
1 1 3 0.0023043
2 1 3 0.0020832
3 1 3 0.011297
4 1 3 0.00068715
5 1 3 0.0096396
6 1 3 0.0091142
7 1 3 0.0079548
8 1 3 0.0021498
9 1 3 0.0035119
10 1 3 0.002551
1 2 3 0.026911
2 2 3 0.031851
3 2 3 0.0036398
4 2 3 0.0033352
5 2 3 0.015884
6 2 3 0.013585
7 2 3 0.0033448
8 2 3 0.022363
9 2 3 0.00039907
10 2 3 0.0028425
1 3 3 0.0086183
2 3 3 0.049727
3 3 3 0.0088533
4 3 3 0.016715
5 3 3 0.0080104
6 3 3 0.047235
7 3 3 0.0034112
8 3 3 0.00050752
9 3 3 0.0066596
10 3 3 4.5841e-06
1 4 3 0.023295
2 4 3 0.0026339
3 4 3 0.0057837
4 4 3 0.0051807
5 4 3 0.0016732
6 4 3 0.0039953
7 4 3 0.004844
8 4 3 0.010534
9 4 3 0.015488
10 4 3 8.0198e-05
1 5 3 0.0044202
2 5 3 0.0023173
3 5 3 0.0014531
4 5 3 0.00057688
5 5 3 0.002733
6 5 3 0.0090308
7 5 3 0.0094086
8 5 3 0.014816
9 5 3 0.0032598
10 5 3 0.015618
1 6 3 0.012351
2 6 3 0.01503
3 6 3 0.025842
4 6 3 0.0020042
5 6 3 0.0070405
6 6 3 0.0020391
7 6 3 0.034473
8 6 3 0.010115
9 6 3 0.0025114
10 6 3 0.02154
1 7 3 0.0024986
2 7 3 0.00035345
3 7 3 0.0010714
4 7 3 0.0022908
5 7 3 0.001267
6 7 3 0.0036605
7 7 3 0.022492
8 7 3 0.0041713
9 7 3 0.010284
10 7 3 0.004337
1 8 3 0.023478
2 8 3 0.0045997
3 8 3 0.019603
4 8 3 0.011585
5 8 3 0.0068757
6 8 3 0.0050033
7 8 3 0.0018114
8 8 3 0.0052939
9 8 3 0.023925
10 8 3 0.0071073
1 9 3 0.0029919
2 9 3 0.0032427
3 9 3 0.00053876
4 9 3 0.00084732
5 9 3 0.0066134
6 9 3 0.010728
7 9 3 0.008628
8 9 3 0.010117
9 9 3 0.017312
10 9 3 0.0020211
1 10 3 0.0018856
2 10 3 0.0048217
3 10 3 0.00070055
4 10 3 0.017714
5 10 3 7.5406e-05
6 10 3 0.031036
7 10 3 0.0047526
8 10 3 0.00015545
9 10 3 0.00064554
10 10 3 0.0111
1 1 4 0.0062772
2 1 4 0.0017218
3 1 4 0.00031628
4 1 4 0.013623
5 1 4 0.020362
6 1 4 0.0047594
7 1 4 0.014358
8 1 4 0.049013
9 1 4 0.0060999
10 1 4 0.0058307
1 2 4 0.010503
2 2 4 0.0070849
3 2 4 0.046009
4 2 4 0.010798
5 2 4 0.00053307
6 2 4 0.0008052
7 2 4 0.00069811
8 2 4 0.012904
9 2 4 0.022141
10 2 4 0.0016153
1 3 4 0.015834
2 3 4 0.0026944
3 3 4 0.024965
4 3 4 0.016038
5 3 4 0.010827
6 3 4 0.004291
7 3 4 3.5598e-05
8 3 4 0.013222
9 3 4 0.014431
10 3 4 0.0035678
1 4 4 0.003819
2 4 4 0.00065315
3 4 4 0.002365
4 4 4 0.018643
5 4 4 0.0017539
6 4 4 0.00073635
7 4 4 0.011357
8 4 4 0.011543
9 4 4 0.0019589
10 4 4 0.0054265
1 5 4 0.0052817
2 5 4 0.011397
3 5 4 0.041008
4 5 4 0.00039637
5 5 4 0.00093297
6 5 4 0.020998
7 5 4 0.035739
8 5 4 0.067327
9 5 4 0.0078845
10 5 4 0.0014661
1 6 4 0.0015182
2 6 4 0.012707
3 6 4 0.027204
4 6 4 0.00049119
5 6 4 0.019592
6 6 4 0.019395
7 6 4 0.010216
8 6 4 0.0032928
9 6 4 0.0020605
10 6 4 0.010187
1 7 4 0.00032072
2 7 4 0.0011778
3 7 4 0.022714
4 7 4 0.013207
5 7 4 0.013224
6 7 4 0.0065914
7 7 4 0.0088228
8 7 4 0.00012249
9 7 4 0.0095662
10 7 4 0.033721
1 8 4 0.034466
2 8 4 0.0010267
3 8 4 0.0007681
4 8 4 0.0096915
5 8 4 0.0051988
6 8 4 0.018497
7 8 4 0.008539
8 8 4 0.0070172
9 8 4 0.015683
10 8 4 0.020185
1 9 4 0.0083762
2 9 4 0.008508
3 9 4 0.0038008
4 9 4 0.0022463
5 9 4 0.0053554
6 9 4 0.00023711
7 9 4 0.001277
8 9 4 0.0031797
9 9 4 0.032595
10 9 4 0.00063455
1 10 4 0.0019339
2 10 4 0.0025532
3 10 4 0.010937
4 10 4 0.003511
5 10 4 0.0035097
6 10 4 0.006318
7 10 4 0.00085957
8 10 4 0.0012764
9 10 4 0.018444
10 10 4 0.017808
1 1 5 0.0016792
2 1 5 0.0046497
3 1 5 0.028706
4 1 5 0.0044684
5 1 5 0.039025
6 1 5 0.0046207
7 1 5 0.0094641
8 1 5 0.00019351
9 1 5 0.00098332
10 1 5 0.022136
1 2 5 0.0080178
2 2 5 0.013307
3 2 5 0.0020624
4 2 5 0.016807
5 2 5 0.0040899
6 2 5 0.011257
7 2 5 0.0055043
8 2 5 0.0042675
9 2 5 0.0014952
10 2 5 0.013253
1 3 5 0.0061166
2 3 5 0.0054771
3 3 5 0.012672
4 3 5 0.0013107
5 3 5 0.0031831
6 3 5 0.0044917
7 3 5 0.02176
8 3 5 0.00030793
9 3 5 0.0067596
10 3 5 0.0059667
1 4 5 0.0013237
2 4 5 0.0051938
3 4 5 0.0021565
4 4 5 0.0029789
5 4 5 0.013404
6 4 5 0.00014515
7 4 5 0.0045606
8 4 5 0.0028838
9 4 5 0.0031589
10 4 5 0.0081278
1 5 5 2.5488e-05
2 5 5 0.010345
3 5 5 0.0043792
4 5 5 0.0060262
5 5 5 0.014446
6 5 5 0.0070836
7 5 5 0.0042551
8 5 5 0.0015145
9 5 5 0.038392
10 5 5 0.01715
1 6 5 0.012568
2 6 5 0.0048892
3 6 5 0.0029891
4 6 5 0.015376
5 6 5 0.0005221
6 6 5 0.0040413
7 6 5 0.00088292
8 6 5 0.012363
9 6 5 0.0022146
10 6 5 0.00082753
1 7 5 0.03523
2 7 5 0.0034222
3 7 5 0.0028404
4 7 5 0.00061356
5 7 5 0.0048125
6 7 5 0.03614
7 7 5 0.001512
8 7 5 0.0025289
9 7 5 9.7225e-05
10 7 5 0.0060601
1 8 5 0.00292
2 8 5 0.0073221
3 8 5 0.0062816
4 8 5 0.00066326
5 8 5 0.010246
6 8 5 0.002104
7 8 5 0.00010457
8 8 5 0.0013077
9 8 5 0.013776
10 8 5 0.0119
1 9 5 0.0010671
2 9 5 0.0077293
3 9 5 0.012721
4 9 5 0.01365
5 9 5 0.0029525
6 9 5 0.0035096
7 9 5 0.0018745
8 9 5 0.003406
9 9 5 0.0045499
10 9 5 0.0038141
1 10 5 0.013482
2 10 5 0.0010069
3 10 5 0.0068376
4 10 5 0.019771
5 10 5 0.011335
6 10 5 0.019787
7 10 5 0.0026389
8 10 5 0.0024731
9 10 5 0.0012464
10 10 5 0.019715
1 1 6 0.005544
2 1 6 0.00031781
3 1 6 0.0066204
4 1 6 0.01954
5 1 6 0.0021445
6 1 6 0.0018437
7 1 6 0.0047976
8 1 6 0.0057934
9 1 6 0.0063767
10 1 6 0.00057924
1 2 6 0.0023564
2 2 6 0.0017647
3 2 6 0.0020093
4 2 6 0.002051
5 2 6 0.021194
6 2 6 0.013582
7 2 6 0.0057014
8 2 6 0.0085527
9 2 6 0.019414
10 2 6 0.0039231
1 3 6 0.012582
2 3 6 0.006193
3 3 6 0.0017934
4 3 6 0.0095012
5 3 6 0.013655
6 3 6 0.0018329
7 3 6 0.014274
8 3 6 0.016786
9 3 6 0.01336
10 3 6 0.0041398
1 4 6 0.00067361
2 4 6 5.8067e-05
3 4 6 0.0033095
4 4 6 0.0088546
5 4 6 0.0015203
6 4 6 0.0019869
7 4 6 0.00043496
8 4 6 0.011824
9 4 6 3.6394e-05
10 4 6 0.0018424
1 5 6 0.00080705
2 5 6 0.013672
3 5 6 0.029271
4 5 6 0.040085
5 5 6 0.0044587
6 5 6 0.015043
7 5 6 0.0026086
8 5 6 0.00067533
9 5 6 0.0040582
10 5 6 0.0039515
1 6 6 0.0012905
2 6 6 0.00060791
3 6 6 0.0031304
4 6 6 0.020116
5 6 6 0.00010098
6 6 6 0.0048821
7 6 6 0.0048278
8 6 6 0.0045176
9 6 6 0.012112
10 6 6 0.019232
1 7 6 0.011361
2 7 6 0.021077
3 7 6 0.0016969
4 7 6 0.001945
5 7 6 0.0065927
6 7 6 0.0028169
7 7 6 0.0017627
8 7 6 0.0011305
9 7 6 0.0020643
10 7 6 0.017722
1 8 6 0.012796
2 8 6 0.0075913
3 8 6 0.0049495
4 8 6 0.009054
5 8 6 0.0070366
6 8 6 0.0020892
7 8 6 0.0023016
8 8 6 0.01222
9 8 6 0.0028778
10 8 6 0.004296
1 9 6 0.0071767
2 9 6 0.010798
3 9 6 0.0011948
4 9 6 0.0050057
5 9 6 0.00078264
6 9 6 0.027913
7 9 6 0.013562
8 9 6 0.0003116
9 9 6 0.0009292
10 9 6 0.026215
1 10 6 0.020202
2 10 6 0.0060612
3 10 6 0.0024343
4 10 6 0.014621
5 10 6 0.004839
6 10 6 0.0052422
7 10 6 0.0056436
8 10 6 0.0028798
9 10 6 0.00027589
10 10 6 0.0055683
1 1 7 0.013305
2 1 7 0.030599
3 1 7 0.0018842
4 1 7 2.6838e-05
5 1 7 0.0026763
6 1 7 0.0045859
7 1 7 0.0012763
8 1 7 0.0039245
9 1 7 0.00012473
10 1 7 0.016193
1 2 7 0.027581
2 2 7 0.0072641
3 2 7 0.0086753
4 2 7 0.0038723
5 2 7 0.014031
6 2 7 0.0060237
7 2 7 0.022786
8 2 7 0.0078913
9 2 7 0.00039978
10 2 7 0.0082859
1 3 7 0.041717
2 3 7 0.003111
3 3 7 0.0084996
4 3 7 0.00178
5 3 7 0.024023
6 3 7 0.0030637
7 3 7 0.035393
8 3 7 0.0063612
9 3 7 0.012937
10 3 7 0.0010851
1 4 7 0.006877
2 4 7 0.0054513
3 4 7 0.00031584
4 4 7 0.017844
5 4 7 0.01581
6 4 7 0.0073136
7 4 7 0.0074617
8 4 7 0.0013283
9 4 7 0.0024444
10 4 7 0.0061636
1 5 7 0.0019686
2 5 7 0.0040378
3 5 7 0.0010811
4 5 7 0.0015963
5 5 7 0.016201
6 5 7 0.0080074
7 5 7 0.013335
8 5 7 0.014089
9 5 7 0.0045002
10 5 7 6.203e-05
1 6 7 0.018126
2 6 7 0.012121
3 6 7 0.0010161
4 6 7 0.0060517
5 6 7 0.00038511
6 6 7 0.0019641
7 6 7 0.0031645
8 6 7 0.013459
9 6 7 0.0019705
10 6 7 0.0038152
1 7 7 0.00019572
2 7 7 0.022973
3 7 7 0.0076407
4 7 7 0.014174
5 7 7 0.00025266
6 7 7 0.0020153
7 7 7 0.0087368
8 7 7 0.020727
9 7 7 0.0040606
10 7 7 0.0041671
1 8 7 0.0080329
2 8 7 0.0011649
3 8 7 0.0032066
4 8 7 0.018872
5 8 7 0.0021497
6 8 7 0.0033106
7 8 7 0.00079336
8 8 7 0.0052247
9 8 7 0.0017242
10 8 7 0.033438
1 9 7 0.0076602
2 9 7 0.0046044
3 9 7 0.0035085
4 9 7 0.017348
5 9 7 0.016109
6 9 7 0.012744
7 9 7 0.0073763
8 9 7 0.0038847
9 9 7 0.010143
10 9 7 0.0043912
1 10 7 0.020871
2 10 7 0.0042012
3 10 7 0.023225
4 10 7 0.0047436
5 10 7 0.007868
6 10 7 0.019019
7 10 7 0.0016879
8 10 7 0.0078845
9 10 7 0.0014787
10 10 7 0.0013898
1 1 8 0.007669
2 1 8 0.02433
3 1 8 0.0032711
4 1 8 0.0044158
5 1 8 0.0011613
6 1 8 0.0081965
7 1 8 0.0020493
8 1 8 0.011328
9 1 8 0.01816
10 1 8 0.0044005
1 2 8 0.00066219
2 2 8 0.0027854
3 2 8 0.00046603
4 2 8 0.0041253
5 2 8 0.0044802
6 2 8 0.00078169
7 2 8 0.013543
8 2 8 0.0087747
9 2 8 0.021774
10 2 8 0.019756
1 3 8 0.0052758
2 3 8 0.012622
3 3 8 0.055239
4 3 8 0.0019743
5 3 8 0.00044656
6 3 8 0.0019053
7 3 8 0.014402
8 3 8 0.0098579
9 3 8 0.0098917
10 3 8 0.0038819
1 4 8 0.010826
2 4 8 0.006605
3 4 8 0.0076141
4 4 8 0.010042
5 4 8 0.0046548
6 4 8 0.0025832
7 4 8 0.0053494
8 4 8 0.0035906
9 4 8 0.002872
10 4 8 0.0080383
1 5 8 0.014486
2 5 8 0.00023281
3 5 8 0.0032361
4 5 8 0.0075473
5 5 8 0.0039284
6 5 8 0.003191
7 5 8 0.0019551
8 5 8 4.0522e-05
9 5 8 0.022991
10 5 8 0.0049156
1 6 8 0.011294
2 6 8 0.00037763
3 6 8 3.2772e-05
4 6 8 0.017228
5 6 8 0.0023137
6 6 8 0.0087511
7 6 8 0.0063329
8 6 8 0.012924
9 6 8 0.010137
10 6 8 0.0012537
1 7 8 0.0096885
2 7 8 0.0016862
3 7 8 0.00057313
4 7 8 0.011184
5 7 8 0.0069725
6 7 8 0.010631
7 7 8 0.0048642
8 7 8 0.00054053
9 7 8 0.00031484
10 7 8 0.004961
1 8 8 0.0049982
2 8 8 0.00093693
3 8 8 0.0063554
4 8 8 0.0040773
5 8 8 0.0046974
6 8 8 0.0040659
7 8 8 0.017535
8 8 8 0.0019982
9 8 8 0.00080426
10 8 8 0.0033764
1 9 8 0.00045418
2 9 8 0.003736
3 9 8 0.01013
4 9 8 0.0010874
5 9 8 0.016457
6 9 8 0.0036959
7 9 8 0.017264
8 9 8 0.0089072
9 9 8 0.0060114
10 9 8 0.00696
1 10 8 0.00035789
2 10 8 0.0016447
3 10 8 0.0011041
4 10 8 0.0002879
5 10 8 0.0053911
6 10 8 0.0057035
7 10 8 0.0024512
8 10 8 0.0026425
9 10 8 0.0079771
10 10 8 0.0018123
1 1 9 2.3895e-07
2 1 9 0.021181
3 1 9 0.0028805
4 1 9 0.0063548
5 1 9 0.026248
6 1 9 0.015625
7 1 9 0.0045984
8 1 9 0.0097265
9 1 9 0.0010931
10 1 9 0.022577
1 2 9 0.0099047
2 2 9 0.0074224
3 2 9 0.023976
4 2 9 0.0051931
5 2 9 0.0042493
6 2 9 0.00068331
7 2 9 6.045e-05
8 2 9 0.0061788
9 2 9 0.0040407
10 2 9 0.0032695
1 3 9 0.00016564
2 3 9 0.010106
3 3 9 5.0795e-06
4 3 9 0.0023802
5 3 9 0.0040812
6 3 9 0.014888
7 3 9 0.0046138
8 3 9 0.021124
9 3 9 0.0098637
10 3 9 0.001072
1 4 9 0.020678
2 4 9 0.013764
3 4 9 0.0027559
4 4 9 0.0050939
5 4 9 0.015683
6 4 9 0.0065009
7 4 9 0.0022182
8 4 9 0.00049373
9 4 9 0.0034683
10 4 9 0.03127
1 5 9 0.0028326
2 5 9 0.0020173
3 5 9 0.02189
4 5 9 0.0056783
5 5 9 0.012748
6 5 9 0.0051896
7 5 9 0.0070371
8 5 9 0.01576
9 5 9 0.019066
10 5 9 1.6857e-06
1 6 9 0.017374
2 6 9 0.032578
3 6 9 0.00016255
4 6 9 0.011829
5 6 9 0.018968
6 6 9 0.0037612
7 6 9 0.0031155
8 6 9 0.0064245
9 6 9 0.0003293
10 6 9 0.0014041
1 7 9 0.0030149
2 7 9 0.0026896
3 7 9 0.0036196
4 7 9 0.0030831
5 7 9 0.005086
6 7 9 0.0030674
7 7 9 0.018431
8 7 9 0.0038186
9 7 9 0.0035959
10 7 9 0.0066037
1 8 9 0.0071094
2 8 9 0.0087574
3 8 9 0.0083393
4 8 9 0.021223
5 8 9 0.00040121
6 8 9 0.0033301
7 8 9 0.026091
8 8 9 0.0012548
9 8 9 0.0027964
10 8 9 0.018536
1 9 9 0.016905
2 9 9 0.001444
3 9 9 0.046238
4 9 9 0.0069813
5 9 9 0.0051685
6 9 9 0.0022885
7 9 9 0.0011687
8 9 9 1.1982e-05
9 9 9 0.014067
10 9 9 0.013757
1 10 9 0.030246
2 10 9 0.00086815
3 10 9 0.0045912
4 10 9 0.0018061
5 10 9 0.010239
6 10 9 0.0060079
7 10 9 8.0456e-05
8 10 9 0.0023993
9 10 9 0.0036336
10 10 9 0.0095181
1 1 10 0.026517
2 1 10 0.0077135
3 1 10 0.028588
4 1 10 0.01311
5 1 10 0.00031594
6 1 10 0.0059409
7 1 10 0.0079991
8 1 10 0.020328
9 1 10 0.0064651
10 1 10 0.0029154
1 2 10 0.0049069
2 2 10 0.00081559
3 2 10 4.5182e-05
4 2 10 0.0045493
5 2 10 0.03156
6 2 10 0.0024353
7 2 10 0.0035937
8 2 10 0.040942
9 2 10 0.0022272
10 2 10 0.040242
1 3 10 0.0085448
2 3 10 0.016218
3 3 10 0.035087
4 3 10 0.013516
5 3 10 0.010537
6 3 10 0.0027498
7 3 10 0.0036927
8 3 10 0.0079667
9 3 10 0.0078817
10 3 10 0.0079914
1 4 10 0.0069418
2 4 10 0.01885
3 4 10 0.0044374
4 4 10 0.0031494
5 4 10 0.0012115
6 4 10 0.0050202
7 4 10 0.00088801
8 4 10 0.024938
9 4 10 0.0063489
10 4 10 0.013479
1 5 10 0.00025431
2 5 10 0.00016303
3 5 10 0.0014855
4 5 10 0.0017121
5 5 10 0.0061336
6 5 10 0.0027259
7 5 10 0.012137
8 5 10 0.015358
9 5 10 0.018573
10 5 10 0.0088958
1 6 10 0.01105
2 6 10 0.011206
3 6 10 0.0019933
4 6 10 0.0028262
5 6 10 0.011268
6 6 10 0.0035132
7 6 10 0.0071586
8 6 10 0.021076
9 6 10 0.0090042
10 6 10 0.027392
1 7 10 0.0086744
2 7 10 0.0024759
3 7 10 0.0022595
4 7 10 0.0076142
5 7 10 0.0056075
6 7 10 0.0064926
7 7 10 0.0082152
8 7 10 4.9618e-05
9 7 10 0.011524
10 7 10 0.0014384
1 8 10 0.014298
2 8 10 0.016286
3 8 10 0.0041643
4 8 10 0.0088935
5 8 10 0.0012154
6 8 10 0.0018402
7 8 10 0.0067524
8 8 10 0.0076939
9 8 10 0.0010176
10 8 10 0.00060085
1 9 10 0.0078528
2 9 10 0.047436
3 9 10 0.0029712
4 9 10 0.024177
5 9 10 0.008076
6 9 10 0.014204
7 9 10 0.017685
8 9 10 0.0048613
9 9 10 0.00041435
10 9 10 0.0010513
1 10 10 0.007273
2 10 10 0.0025622
3 10 10 0.038788
4 10 10 0.0063744
5 10 10 0.006142
6 10 10 0.021859
7 10 10 0.008968
8 10 10 0.0032522
9 10 10 0.00025767
10 10 10 0.024464
