1 1 1 2.084
2 1 1 1.8228
3 1 1 1.9551
4 1 1 1.9599
5 1 1 2.0943
6 1 1 1.856
7 1 1 2.0164
8 1 1 2.1779
9 1 1 1.8778
10 1 1 2.3318
1 2 1 2.0098
2 2 1 1.9668
3 2 1 1.9077
4 2 1 1.917
5 2 1 1.6687
6 2 1 2.099
7 2 1 1.8487
8 2 1 2.0377
9 2 1 1.8499
10 2 1 1.9773
1 3 1 2.1432
2 3 1 2.012
3 3 1 1.9875
4 3 1 1.977
5 3 1 2.2134
6 3 1 2.0651
7 3 1 2.1048
8 3 1 2.0923
9 3 1 1.8699
10 3 1 1.9262
1 4 1 1.9223
2 4 1 1.7741
3 4 1 1.9165
4 4 1 1.9448
5 4 1 1.7712
6 4 1 2.0663
7 4 1 1.9824
8 4 1 2.0672
9 4 1 2.1156
10 4 1 1.7896
1 5 1 2.067
2 5 1 1.9949
3 5 1 1.9458
4 5 1 1.9391
5 5 1 1.902
6 5 1 2.2785
7 5 1 2
8 5 1 2.0474
9 5 1 2.0038
10 5 1 1.9862
1 6 1 2.0312
2 6 1 1.8888
3 6 1 2.2673
4 6 1 1.954
5 6 1 1.9464
6 6 1 1.9014
7 6 1 1.8371
8 6 1 1.8695
9 6 1 1.9495
10 6 1 1.8411
1 7 1 1.7744
2 7 1 1.9419
3 7 1 2.0201
4 7 1 2.112
5 7 1 2.0469
6 7 1 1.7931
7 7 1 1.9588
8 7 1 1.8793
9 7 1 1.9719
10 7 1 1.9643
1 8 1 1.9361
2 8 1 1.9855
3 8 1 2.0561
4 8 1 2.2966
5 8 1 2.1716
6 8 1 1.7863
7 8 1 2.0219
8 8 1 1.7503
9 8 1 2.0374
10 8 1 2.0642
1 9 1 2.1488
2 9 1 1.9821
3 9 1 2.0677
4 9 1 2.0107
5 9 1 1.884
6 9 1 1.7657
7 9 1 2.0334
8 9 1 2.1794
9 9 1 2.0685
10 9 1 2.0176
1 10 1 1.8254
2 10 1 1.8615
3 10 1 2.1778
4 10 1 1.9271
5 10 1 1.7822
6 10 1 1.9698
7 10 1 2.3173
8 10 1 1.8588
9 10 1 2.0544
10 10 1 1.8496
1 1 2 1.9737
2 1 2 1.8199
3 1 2 2.0265
4 1 2 1.8586
5 1 2 1.9454
6 1 2 1.976
7 1 2 2.1649
8 1 2 1.8042
9 1 2 1.9502
10 1 2 1.9129
1 2 2 1.8804
2 2 2 1.8134
3 2 2 1.886
4 2 2 1.8204
5 2 2 1.7585
6 2 2 1.7648
7 2 2 2.2561
8 2 2 2.2373
9 2 2 2.2383
10 2 2 2.0504
1 3 2 2.2379
2 3 2 1.7958
3 3 2 2.067
4 3 2 2.1456
5 3 2 1.9668
6 3 2 2.0177
7 3 2 2.0857
8 3 2 2.1067
9 3 2 2.2146
10 3 2 1.8759
1 4 2 1.9563
2 4 2 1.8689
3 4 2 1.9826
4 4 2 2.3413
5 4 2 1.8386
6 4 2 1.7254
7 4 2 2.1204
8 4 2 1.7462
9 4 2 2.1947
10 4 2 1.9989
1 5 2 1.7882
2 5 2 1.8272
3 5 2 2.0084
4 5 2 2.2942
5 5 2 1.9637
6 5 2 2.0313
7 5 2 1.9666
8 5 2 1.8959
9 5 2 2.079
10 5 2 1.9281
1 6 2 2.0384
2 6 2 1.9598
3 6 2 2.0282
4 6 2 1.9467
5 6 2 2.2525
6 6 2 2.1492
7 6 2 1.971
8 6 2 1.9006
9 6 2 1.7965
10 6 2 1.9879
1 7 2 2.0728
2 7 2 2.0068
3 7 2 1.8365
4 7 2 1.828
5 7 2 2.4344
6 7 2 2.0504
7 7 2 1.8805
8 7 2 2.11
9 7 2 2.2016
10 7 2 2.0274
1 8 2 1.9158
2 8 2 1.8215
3 8 2 1.983
4 8 2 2.1109
5 8 2 1.8169
6 8 2 1.9712
7 8 2 2.0275
8 8 2 2.1767
9 8 2 1.952
10 8 2 1.8503
1 9 2 1.857
2 9 2 1.8335
3 9 2 1.9427
4 9 2 1.8805
5 9 2 2.1803
6 9 2 1.8392
7 9 2 2.129
8 9 2 1.9122
9 9 2 1.8059
10 9 2 1.7615
1 10 2 2.043
2 10 2 1.8926
3 10 2 1.9027
4 10 2 1.7715
5 10 2 2.1499
6 10 2 1.7945
7 10 2 1.9915
8 10 2 2.1646
9 10 2 2.0485
10 10 2 1.8119
1 1 3 2.0764
2 1 3 1.913
3 1 3 1.9014
4 1 3 2.0471
5 1 3 1.7583
6 1 3 2.2403
7 1 3 2.1492
8 1 3 1.9303
9 1 3 1.8689
10 1 3 2.1381
1 2 3 2.0068
2 2 3 2.0286
3 2 3 2.3019
4 2 3 1.9062
5 2 3 1.9834
6 2 3 2.175
7 2 3 2.0738
8 2 3 1.6775
9 2 3 2.0439
10 2 3 1.9579
1 3 3 2.2994
2 3 3 2.2688
3 3 3 2.0195
4 3 3 1.9004
5 3 3 2.014
6 3 3 2.1229
7 3 3 1.9633
8 3 3 1.883
9 3 3 1.9823
10 3 3 1.7026
1 4 3 2.0247
2 4 3 1.9532
3 4 3 1.8968
4 4 3 2.2873
5 4 3 1.8659
6 4 3 2.1464
7 4 3 1.9172
8 4 3 2.0924
9 4 3 2.0565
10 4 3 1.9619
1 5 3 1.9174
2 5 3 1.9936
3 5 3 2.0801
4 5 3 1.7322
5 5 3 1.7439
6 5 3 1.7981
7 5 3 1.8609
8 5 3 2.1984
9 5 3 2.0021
10 5 3 2.332
1 6 3 2.0613
2 6 3 1.9845
3 6 3 2.2247
4 6 3 2.1614
5 6 3 2.0272
6 6 3 1.8871
7 6 3 2.1614
8 6 3 1.991
9 6 3 2.0086
10 6 3 2.1333
1 7 3 1.8737
2 7 3 1.7895
3 7 3 1.7423
4 7 3 1.8619
5 7 3 2.0255
6 7 3 1.8968
7 7 3 1.9742
8 7 3 1.9569
9 7 3 2.164
10 7 3 1.9621
1 8 3 1.8975
2 8 3 1.8671
3 8 3 2.2101
4 8 3 1.9794
5 8 3 2.195
6 8 3 1.9107
7 8 3 2.0312
8 8 3 1.7222
9 8 3 2.296
10 8 3 2.0232
1 9 3 1.9442
2 9 3 1.9576
3 9 3 1.9471
4 9 3 2.1218
5 9 3 1.8962
6 9 3 1.8677
7 9 3 1.8598
8 9 3 1.843
9 9 3 2.1735
10 9 3 1.7759
1 10 3 1.8077
2 10 3 2.1293
3 10 3 2.0227
4 10 3 1.9821
5 10 3 1.9548
6 10 3 2.0606
7 10 3 1.799
8 10 3 1.8491
9 10 3 1.7814
10 10 3 2.2853
1 1 4 1.7459
2 1 4 2.0592
3 1 4 2.0955
4 1 4 2.0382
5 1 4 2.0008
6 1 4 2.3239
7 1 4 1.893
8 1 4 2.1163
9 1 4 1.8438
10 1 4 1.8764
1 2 4 2.028
2 2 4 2.0431
3 2 4 2.2658
4 2 4 1.7509
5 2 4 1.9111
6 2 4 2.0011
7 2 4 1.9842
8 2 4 2.0108
9 2 4 2.1505
10 2 4 2.2087
1 3 4 1.9177
2 3 4 1.9635
3 3 4 2.119
4 3 4 2.1026
5 3 4 1.8955
6 3 4 2.0688
7 3 4 1.8854
8 3 4 2.1559
9 3 4 1.8385
10 3 4 2.2341
1 4 4 1.9499
2 4 4 1.8658
3 4 4 1.9714
4 4 4 2.1718
5 4 4 1.9443
6 4 4 1.8859
7 4 4 1.5768
8 4 4 2.0475
9 4 4 2.0762
10 4 4 1.9836
1 5 4 1.9496
2 5 4 2.0346
3 5 4 2.0862
4 5 4 1.9399
5 5 4 1.8754
6 5 4 1.9923
7 5 4 1.9915
8 5 4 2.294
9 5 4 2.0881
10 5 4 1.9559
1 6 4 2.2066
2 6 4 1.9971
3 6 4 1.819
4 6 4 1.9391
5 6 4 2.1761
6 6 4 1.9645
7 6 4 2.0712
8 6 4 2.198
9 6 4 2.0181
10 6 4 1.9414
1 7 4 2.1574
2 7 4 2.0785
3 7 4 2.0134
4 7 4 1.8909
5 7 4 1.9446
6 7 4 1.7969
7 7 4 2.0194
8 7 4 2.126
9 7 4 2.2642
10 7 4 2.2175
1 8 4 2.1882
2 8 4 2.0027
3 8 4 2.1021
4 8 4 2.0577
5 8 4 1.9926
6 8 4 1.9708
7 8 4 2.1134
8 8 4 1.9415
9 8 4 2.0126
10 8 4 1.9573
1 9 4 2.2092
2 9 4 1.7687
3 9 4 2.0047
4 9 4 2.0539
5 9 4 1.9898
6 9 4 1.7096
7 9 4 1.87
8 9 4 1.7278
9 9 4 2.1664
10 9 4 2.0156
1 10 4 2.0692
2 10 4 2.1446
3 10 4 1.8376
4 10 4 1.9831
5 10 4 1.9767
6 10 4 2.0636
7 10 4 1.9364
8 10 4 2.1955
9 10 4 2.1381
10 10 4 1.9799
1 1 5 1.9374
2 1 5 2.0809
3 1 5 2.0414
4 1 5 1.7831
5 1 5 2.2356
6 1 5 1.8587
7 1 5 2.1987
8 1 5 1.9393
9 1 5 1.8502
10 1 5 2.1586
1 2 5 2.0232
2 2 5 2.1792
3 2 5 2.0538
4 2 5 1.9736
5 2 5 1.8281
6 2 5 2.0838
7 2 5 1.9222
8 2 5 2.0573
9 2 5 2.0079
10 2 5 2.0419
1 3 5 2.0961
2 3 5 2.1356
3 3 5 2.0942
4 3 5 2.249
5 3 5 1.946
6 3 5 1.8994
7 3 5 1.8301
8 3 5 1.8294
9 3 5 1.7263
10 3 5 2.1645
1 4 5 2.0185
2 4 5 1.9225
3 4 5 2.0069
4 4 5 2.2196
5 4 5 2.0648
6 4 5 2.0496
7 4 5 1.9972
8 4 5 1.824
9 4 5 2.0366
10 4 5 1.8674
1 5 5 2.0388
2 5 5 1.9693
3 5 5 2.1155
4 5 5 1.9198
5 5 5 2.1232
6 5 5 1.9823
7 5 5 1.9331
8 5 5 1.8522
9 5 5 2.1695
10 5 5 2.0308
1 6 5 2.0986
2 6 5 2.0832
3 6 5 1.9848
4 6 5 2.2177
5 6 5 2.049
6 6 5 2.0159
7 6 5 1.7576
8 6 5 2.147
9 6 5 1.9946
10 6 5 2.2041
1 7 5 2.2942
2 7 5 1.8597
3 7 5 1.9794
4 7 5 1.9784
5 7 5 1.8637
6 7 5 2.1493
7 7 5 2.2809
8 7 5 1.8879
9 7 5 1.7314
10 7 5 1.7993
1 8 5 1.8125
2 8 5 1.8078
3 8 5 2.0955
4 8 5 1.9242
5 8 5 2.1162
6 8 5 1.86
7 8 5 1.9304
8 8 5 1.8239
9 8 5 1.9597
10 8 5 2.1516
1 9 5 2.1449
2 9 5 2.0184
3 9 5 1.9671
4 9 5 2.0513
5 9 5 1.9926
6 9 5 2.1267
7 9 5 1.8017
8 9 5 2.2015
9 9 5 2.0208
10 9 5 2.0923
1 10 5 2.0471
2 10 5 1.9558
3 10 5 2.0281
4 10 5 2.0726
5 10 5 2.1345
6 10 5 2.2439
7 10 5 2.0204
8 10 5 1.842
9 10 5 1.9429
10 10 5 2.0902
1 1 6 2.0356
2 1 6 2.171
3 1 6 1.9797
4 1 6 2.008
5 1 6 1.8735
6 1 6 1.7571
7 1 6 2.0369
8 1 6 1.8872
9 1 6 2.071
10 1 6 1.9376
1 2 6 1.8873
2 2 6 1.6618
3 2 6 1.9818
4 2 6 2.01
5 2 6 1.9389
6 2 6 2.107
7 2 6 2.2048
8 2 6 2.0177
9 2 6 2.1134
10 2 6 1.8564
1 3 6 2.0893
2 3 6 1.914
3 3 6 2.1036
4 3 6 2.1305
5 3 6 2.0297
6 3 6 1.7828
7 3 6 2.1617
8 3 6 2.1451
9 3 6 2.0837
10 3 6 1.828
1 4 6 2.0106
2 4 6 1.9425
3 4 6 2.1315
4 4 6 2.1601
5 4 6 1.8415
6 4 6 1.8824
7 4 6 1.7832
8 4 6 2.2057
9 4 6 1.9067
10 4 6 1.9163
1 5 6 1.869
2 5 6 2.0836
3 5 6 1.9266
4 5 6 2.1554
5 5 6 1.8998
6 5 6 2.0004
7 5 6 2.0853
8 5 6 2.023
9 5 6 2.1263
10 5 6 1.9785
1 6 6 2.1051
2 6 6 2.0355
3 6 6 2.0628
4 6 6 2.0367
5 6 6 2.1709
6 6 6 2.0164
7 6 6 1.8702
8 6 6 1.9064
9 6 6 1.7837
10 6 6 2.022
1 7 6 1.9782
2 7 6 1.7801
3 7 6 1.877
4 7 6 1.9123
5 7 6 1.9758
6 7 6 2.0425
7 7 6 2.0353
8 7 6 1.9864
9 7 6 1.7332
10 7 6 2.1006
1 8 6 1.9145
2 8 6 2.0858
3 8 6 2.1582
4 8 6 1.9354
5 8 6 2.0681
6 8 6 2.0898
7 8 6 1.8842
8 8 6 2.0628
9 8 6 1.8977
10 8 6 2.0711
1 9 6 2.0357
2 9 6 2.0463
3 9 6 1.8053
4 9 6 2.1073
5 9 6 2.326
6 9 6 2.1006
7 9 6 2.038
8 9 6 2.019
9 9 6 2.1169
10 9 6 1.9823
1 10 6 2.2701
2 10 6 2.1545
3 10 6 1.8809
4 10 6 2.3218
5 10 6 1.8203
6 10 6 2.0269
7 10 6 2.1069
8 10 6 2.027
9 10 6 1.878
10 10 6 1.8436
1 1 7 2.2267
2 1 7 2.3392
3 1 7 1.9303
4 1 7 1.9012
5 1 7 2.4851
6 1 7 2.28
7 1 7 1.8848
8 1 7 1.9954
9 1 7 1.9658
10 1 7 2.3359
1 2 7 1.8946
2 2 7 1.8497
3 2 7 2.238
4 2 7 2.0207
5 2 7 2.2449
6 2 7 1.7889
7 2 7 1.9483
8 2 7 1.926
9 2 7 1.6516
10 2 7 2.2308
1 3 7 1.9107
2 3 7 2.0337
3 3 7 2.3521
4 3 7 1.9263
5 3 7 2.2309
6 3 7 2.1269
7 3 7 2.0584
8 3 7 2.0737
9 3 7 1.9143
10 3 7 1.7792
1 4 7 1.832
2 4 7 2.1582
3 4 7 1.9391
4 4 7 2.153
5 4 7 2.0272
6 4 7 2.0944
7 4 7 2.0087
8 4 7 1.8807
9 4 7 1.6467
10 4 7 1.9951
1 5 7 1.8457
2 5 7 2.192
3 5 7 2.1084
4 5 7 1.9781
5 5 7 2.1724
6 5 7 2.0683
7 5 7 1.9187
8 5 7 1.898
9 5 7 1.8342
10 5 7 2.1038
1 6 7 1.9138
2 6 7 1.9115
3 6 7 1.9132
4 6 7 1.9101
5 6 7 1.9447
6 6 7 1.8362
7 6 7 2.2093
8 6 7 1.9408
9 6 7 2.1202
10 6 7 2.1412
1 7 7 1.7835
2 7 7 2.0094
3 7 7 2.1223
4 7 7 1.8435
5 7 7 1.8459
6 7 7 1.8581
7 7 7 2.0335
8 7 7 2.0461
9 7 7 1.8664
10 7 7 1.8572
1 8 7 2.0811
2 8 7 1.9733
3 8 7 2.1449
4 8 7 2.2915
5 8 7 1.8482
6 8 7 1.9092
7 8 7 1.8387
8 8 7 2.0365
9 8 7 2.0983
10 8 7 2.0841
1 9 7 2.1048
2 9 7 2.0187
3 9 7 1.8595
4 9 7 1.9522
5 9 7 2.1269
6 9 7 2.0823
7 9 7 2.0904
8 9 7 2.0747
9 9 7 1.849
10 9 7 1.8944
1 10 7 1.914
2 10 7 1.9654
3 10 7 2.0734
4 10 7 2.1253
5 10 7 2.0084
6 10 7 2.2124
7 10 7 1.9133
8 10 7 1.9865
9 10 7 1.6359
10 10 7 1.6991
1 1 8 2.1096
2 1 8 2.1319
3 1 8 2.0161
4 1 8 2.1518
5 1 8 1.8885
6 1 8 2.0561
7 1 8 1.7468
8 1 8 2.4173
9 1 8 1.9503
10 1 8 2.2338
1 2 8 2.0124
2 2 8 1.9569
3 2 8 1.7645
4 2 8 2.0812
5 2 8 2.0248
6 2 8 2.0091
7 2 8 1.8863
8 2 8 1.8117
9 2 8 1.9849
10 2 8 2.0634
1 3 8 2.2032
2 3 8 1.9142
3 3 8 2.0788
4 3 8 1.924
5 3 8 1.9786
6 3 8 1.9752
7 3 8 1.9301
8 3 8 2.0265
9 3 8 1.9553
10 3 8 1.8365
1 4 8 1.9624
2 4 8 2.0938
3 4 8 2.4239
4 4 8 1.8873
5 4 8 1.9379
6 4 8 2.1678
7 4 8 2.0757
8 4 8 2.125
9 4 8 1.9463
10 4 8 1.9545
1 5 8 2.0434
2 5 8 1.84
3 5 8 2.0448
4 5 8 2.234
5 5 8 2.0784
6 5 8 2.1861
7 5 8 1.9652
8 5 8 1.8643
9 5 8 2.1501
10 5 8 1.9214
1 6 8 2.1534
2 6 8 1.7932
3 6 8 2.1046
4 6 8 2.0222
5 6 8 1.946
6 6 8 1.8104
7 6 8 1.9673
8 6 8 2.1702
9 6 8 1.9225
10 6 8 1.8974
1 7 8 2.2078
2 7 8 2.1938
3 7 8 2.0686
4 7 8 2.2155
5 7 8 2.0423
6 7 8 1.9408
7 7 8 2.1618
8 7 8 2.0077
9 7 8 2.0762
10 7 8 2.0814
1 8 8 1.9662
2 8 8 2.3177
3 8 8 1.9351
4 8 8 1.8295
5 8 8 2.0039
6 8 8 2.0237
7 8 8 2.213
8 8 8 1.7575
9 8 8 1.9631
10 8 8 2.0486
1 9 8 1.7146
2 9 8 1.9273
3 9 8 2.0719
4 9 8 1.6505
5 9 8 2.133
6 9 8 1.854
7 9 8 2.165
8 9 8 2.0364
9 9 8 1.8921
10 9 8 2.0693
1 10 8 1.9456
2 10 8 1.8904
3 10 8 1.778
4 10 8 1.9704
5 10 8 1.9659
6 10 8 1.7899
7 10 8 1.8813
8 10 8 2.0246
9 10 8 2.077
10 10 8 1.8184
1 1 9 2.1055
2 1 9 2.208
3 1 9 1.9643
4 1 9 1.798
5 1 9 1.7577
6 1 9 2.0156
7 1 9 2.146
8 1 9 1.8256
9 1 9 1.9871
10 1 9 2.0949
1 2 9 2.011
2 2 9 1.9997
3 2 9 2.0385
4 2 9 1.7951
5 2 9 1.9051
6 2 9 2.0552
7 2 9 1.9294
8 2 9 1.9404
9 2 9 2.2215
10 2 9 1.9973
1 3 9 2.0021
2 3 9 1.9365
3 3 9 2.1062
4 3 9 1.7961
5 3 9 1.7718
6 3 9 2.1438
7 3 9 2.279
8 3 9 1.8689
9 3 9 1.972
10 3 9 1.8789
1 4 9 2.0877
2 4 9 1.9788
3 4 9 2.0111
4 4 9 1.7558
5 4 9 1.9802
6 4 9 2.1654
7 4 9 1.8909
8 4 9 1.942
9 4 9 1.8863
10 4 9 1.9951
1 5 9 1.9334
2 5 9 1.8393
3 5 9 2.1226
4 5 9 2.1334
5 5 9 2.0218
6 5 9 1.9316
7 5 9 1.898
8 5 9 1.8296
9 5 9 1.9079
10 5 9 1.8906
1 6 9 2.1418
2 6 9 2.0251
3 6 9 1.9602
4 6 9 2.0403
5 6 9 2.1648
6 6 9 1.7925
7 6 9 2.279
8 6 9 1.8974
9 6 9 2.2962
10 6 9 2.0058
1 7 9 2.0704
2 7 9 2.0868
3 7 9 1.9372
4 7 9 1.9712
5 7 9 1.9746
6 7 9 2.1818
7 7 9 1.8895
8 7 9 1.9145
9 7 9 2.0572
10 7 9 1.9603
1 8 9 1.9795
2 8 9 2.0879
3 8 9 2.1206
4 8 9 2.2309
5 8 9 1.9145
6 8 9 2.2465
7 8 9 1.8668
8 8 9 2.023
9 8 9 1.9278
10 8 9 2.08
1 9 9 2.2403
2 9 9 1.919
3 9 9 2.0236
4 9 9 2.2055
5 9 9 1.9553
6 9 9 1.9152
7 9 9 2.012
8 9 9 1.8145
9 9 9 1.7492
10 9 9 2.1111
1 10 9 2.279
2 10 9 2.0054
3 10 9 2.0675
4 10 9 1.9135
5 10 9 1.8176
6 10 9 1.8565
7 10 9 1.9019
8 10 9 2.1138
9 10 9 1.9082
10 10 9 2.239
1 1 10 1.8942
2 1 10 1.8711
3 1 10 1.8691
4 1 10 2.2025
5 1 10 1.9749
6 1 10 1.9379
7 1 10 1.9361
8 1 10 1.9896
9 1 10 1.9658
10 1 10 2.1283
1 2 10 1.824
2 2 10 2.1835
3 2 10 1.9242
4 2 10 1.9146
5 2 10 2.1094
6 2 10 1.9165
7 2 10 2.1098
8 2 10 2.0242
9 2 10 2.0112
10 2 10 2.2885
1 3 10 2.1817
2 3 10 2.2318
3 3 10 2.0247
4 3 10 2.0242
5 3 10 1.9274
6 3 10 2.026
7 3 10 2.1042
8 3 10 1.9045
9 3 10 2.1724
10 3 10 2.0055
1 4 10 1.9701
2 4 10 2.0913
3 4 10 2.1483
4 4 10 1.766
5 4 10 1.942
6 4 10 2.176
7 4 10 1.9886
8 4 10 2.0306
9 4 10 2.1005
10 4 10 2.02
1 5 10 2.2131
2 5 10 2.0672
3 5 10 1.8361
4 5 10 1.918
5 5 10 1.9513
6 5 10 2.0854
7 5 10 2.0571
8 5 10 2.0225
9 5 10 2.2841
10 5 10 1.8916
1 6 10 2.0549
2 6 10 1.8914
3 6 10 1.8138
4 6 10 2.1575
5 6 10 1.8964
6 6 10 2.0456
7 6 10 1.8983
8 6 10 2.0426
9 6 10 2.2749
10 6 10 1.9535
1 7 10 2.2789
2 7 10 1.7332
3 7 10 1.8904
4 7 10 2.0439
5 7 10 1.8808
6 7 10 2.0299
7 7 10 1.9463
8 7 10 1.982
9 7 10 2.0363
10 7 10 1.8632
1 8 10 2.1511
2 8 10 2.0137
3 8 10 1.8828
4 8 10 2.0281
5 8 10 2.0738
6 8 10 1.9099
7 8 10 2.0136
8 8 10 2.3347
9 8 10 2.0489
10 8 10 2.0306
1 9 10 2.032
2 9 10 2.0987
3 9 10 1.8437
4 9 10 2.2296
5 9 10 2.1611
6 9 10 2.0544
7 9 10 2.2301
8 9 10 1.8749
9 9 10 1.7789
10 9 10 1.987
1 10 10 2.0939
2 10 10 1.9206
3 10 10 2.1991
4 10 10 1.7914
5 10 10 2.329
6 10 10 1.9375
7 10 10 1.8921
8 10 10 2.2925
9 10 10 1.6609
10 10 10 1.8046
